step	post	like	prior	mu1	mu2	gamma	pi	spa1	Tinf_1	Tinf_2	Tinf_3	Tinf_4	Tinf_5	Tinf_6	Tinf_7	Tinf_8	Tinf_9	Tinf_10	Tinf_11	alpha_1	alpha_2	alpha_3	alpha_4	alpha_5	alpha_6	alpha_7	alpha_8	alpha_9	alpha_10	alpha_11	kappa_1	kappa_2	kappa_3	kappa_4	kappa_5	kappa_6	kappa_7	kappa_8	kappa_9	kappa_10	kappa_11
1	-166.014353394582145	-167.610380371792871	1.596026977210738	0.000100000000000	0.000100000000000	1.000000000000000	0.924496090155119	0.000000000000000	16083	16089	16107	16112	16117	16124	16132	16135	16133	16139	16102	0	1	1	2	1	4	6	11	11	7	2	1	1	1	1	1	1	1	1	1	1	1
500	-128.464053488301488	-130.548791490652832	2.084738002351337	0.000100378936309	0.000100378936309	1.000000000000000	0.976085364961768	0.000000000000000	16083	16089	16107	16112	16117	16124	16132	16135	16132	16139	16102	0	1	1	1	1	1	6	11	6	6	1	1	1	1	1	1	1	1	1	1	1	1
1000	-129.371726226218414	-130.914535762009564	1.542809535791156	0.000100981004410	0.000100981004410	1.000000000000000	0.919045629731413	0.000000000000000	16083	16088	16105	16112	16117	16124	16132	16135	16133	16139	16102	0	1	1	1	1	5	5	1	6	9	1	1	1	1	1	1	1	1	1	1	1	1
1500	-136.345895616981181	-137.426843524159352	1.080947907178185	0.000100271646771	0.000100271646771	1.000000000000000	0.873071814232904	0.000000000000000	16083	16089	16107	16111	16117	16124	16132	16135	16133	16139	16102	0	1	1	1	1	5	6	6	5	6	1	1	1	1	2	1	1	1	1	2	1	1
2000	-136.823106994887837	-137.243924754775634	0.420817759887800	0.000099479246125	0.000099479246125	1.000000000000000	0.811326059656115	0.000000000000000	16083	16089	16104	16112	16117	16124	16132	16135	16133	16139	16101	0	1	1	1	1	1	5	5	6	1	1	1	1	1	1	2	2	1	1	1	1	1
2500	-127.769276315119939	-129.951017927776292	2.181741612656356	0.000099503463330	0.000099503463330	1.000000000000000	0.986662687409828	0.000000000000000	16083	16089	16107	16112	16117	16124	16132	16135	16133	16139	16102	0	1	1	1	1	5	6	5	6	5	1	1	1	1	1	1	1	1	1	1	1	1
3000	-127.364000271780895	-129.614331199282049	2.250330927501147	0.000100390695780	0.000100390695780	1.000000000000000	0.994210803963955	0.000000000000000	16083	16089	16107	16112	16117	16124	16132	16135	16133	16139	16102	0	1	1	1	1	5	6	6	5	8	1	1	1	1	1	1	1	1	1	1	1	1
3500	-127.856144987096812	-130.105149525334042	2.249004538237224	0.000101607702631	0.000101607702631	1.000000000000000	0.994064291367543	0.000000000000000	16083	16089	16107	16112	16117	16124	16132	16135	16133	16139	16102	0	1	1	1	1	1	5	5	6	9	1	1	1	1	1	1	1	1	1	1	1	1
4000	-130.173558966809651	-131.107505983146552	0.933947016336902	0.000107393651140	0.000107393651140	1.000000000000000	0.858927382858712	0.000000000000000	16083	16089	16107	16112	16117	16124	16132	16135	16133	16139	16102	0	1	1	1	1	5	6	11	5	9	1	1	1	1	1	1	1	1	1	1	1	1
4500	-129.209624057319786	-130.814341211300189	1.604717153980399	0.000104683637749	0.000104683637749	1.000000000000000	0.925389191758142	0.000000000000000	16083	16089	16107	16112	16117	16124	16132	16135	16132	16139	16102	0	1	1	1	1	1	5	6	6	5	1	1	1	1	1	1	1	1	1	1	1	1
5000	-133.198557382482619	-134.640005574783203	1.441448192300586	0.000101549185807	0.000101549185807	1.000000000000000	0.908753064564236	0.000000000000000	16083	16089	16106	16112	16117	16124	16132	16135	16133	16139	16102	0	1	1	1	1	1	1	6	6	6	1	1	1	1	2	1	1	1	1	1	1	1
5500	-127.555160797822467	-129.824778166541819	2.269617368719357	0.000093261864079	0.000093261864079	1.000000000000000	0.996343620419849	0.000000000000000	16083	16089	16107	16112	16117	16124	16132	16135	16133	16139	16101	0	1	1	1	1	5	6	6	6	9	1	1	1	1	1	1	1	1	1	1	1	1
6000	-128.251266584623920	-130.550318206242906	2.299051621618978	0.000089641420982	0.000089641420982	1.000000000000000	0.999607469129846	0.000000000000000	16083	16088	16107	16112	16117	16124	16132	16133	16133	16139	16101	0	1	1	1	1	5	6	1	5	8	1	1	1	1	1	1	1	1	1	1	1	1
6500	-125.986881423196266	-128.135013602581751	2.148132179385480	0.000153836992197	0.000153836992197	1.000000000000000	0.982984983796446	0.000000000000000	16083	16089	16107	16112	16117	16124	16132	16135	16133	16139	16102	0	1	1	1	1	5	6	5	5	9	1	1	1	1	1	1	1	1	1	1	1	1
7000	-123.444810823331892	-125.433413947017243	1.988603123685357	0.000342211127301	0.000342211127301	1.000000000000000	0.965714646429593	0.000000000000000	16083	16089	16107	16112	16117	16124	16132	16135	16133	16139	16102	0	1	1	1	1	5	6	6	1	8	1	1	1	1	1	1	1	1	1	1	1	1
7500	-124.338183247253170	-126.389781048755381	2.051597801502210	0.000354096539638	0.000354096539638	1.000000000000000	0.972497789176553	0.000000000000000	16083	16089	16105	16112	16117	16124	16132	16135	16133	16139	16102	0	1	1	1	1	1	6	1	1	5	1	1	1	1	1	1	1	1	1	1	1	1
8000	-109.986311915151404	-112.015748634275965	2.029436719124565	0.009523767452142	0.009523767452142	1.000000000000000	0.970106112324512	0.000000000000000	16083	16089	16107	16112	16117	16124	16132	16135	16133	16137	16102	0	1	1	1	1	5	6	5	6	9	1	1	1	1	1	1	1	1	1	1	1	1
8500	-111.538275003983202	-112.586412174338435	1.048137170355235	0.039523638480169	0.039523638480169	1.000000000000000	0.869894705764016	0.000000000000000	16083	16089	16107	16112	16117	16124	16132	16135	16132	16139	16102	0	1	2	1	1	5	6	1	1	9	1	1	1	1	1	1	1	1	1	1	1	1
9000	-108.372462189781302	-109.628239683923965	1.255777494142661	0.130249029853548	0.130249029853548	1.000000000000000	0.890197478042449	0.000000000000000	16083	16089	16106	16107	16117	16124	16131	16135	16133	16139	16102	0	1	1	2	1	1	6	5	5	5	1	1	1	1	1	1	1	1	1	1	1	1
9500	-109.130366691630400	-111.096234016624962	1.965867324994557	0.185325047901728	0.185325047901728	1.000000000000000	0.963278137080796	0.000000000000000	16083	16089	16107	16112	16117	16124	16132	16135	16133	16139	16102	0	1	2	1	4	1	6	11	1	5	1	1	1	1	1	1	1	1	1	1	1	1
10000	-108.520658280720568	-109.831780230525183	1.311121949804618	0.099756797369568	0.099756797369568	1.000000000000000	0.895688510065890	0.000000000000000	16083	16089	16107	16112	16117	16124	16132	16135	16133	16139	16102	0	1	1	1	1	1	5	4	5	6	1	1	1	1	1	1	1	1	1	1	1	1
10500	-108.063588595783301	-110.232651951387226	2.169063355603929	0.107696040865135	0.107696040865135	1.000000000000000	0.985273758908542	0.000000000000000	16083	16089	16107	16112	16117	16124	16132	16135	16133	16139	16102	0	1	1	3	1	1	5	5	7	8	1	1	1	1	1	1	1	1	1	1	1	1
11000	-108.811060086095409	-110.916870660056631	2.105810573961228	0.132656483830845	0.132656483830845	1.000000000000000	0.978373445763559	0.000000000000000	16083	16089	16107	16112	16117	16124	16132	16133	16133	16139	16102	0	1	1	1	4	5	5	3	1	1	1	1	1	1	1	1	1	1	1	1	1	1
11500	-108.092852243924483	-110.389609708807399	2.296757464882920	0.235491844623237	0.235491844623237	1.000000000000000	0.999352695357533	0.000000000000000	16083	16089	16107	16112	16117	16124	16132	16135	16133	16139	16102	0	1	1	3	1	4	6	5	5	8	1	1	1	1	1	1	1	1	1	1	1	1
12000	-111.412759109214917	-113.340713054790655	1.927953945575732	0.221806914870093	0.221806914870093	1.000000000000000	0.959228768971103	0.000000000000000	16083	16088	16107	16112	16117	16124	16132	16135	16133	16139	16102	0	1	2	1	1	5	6	7	5	3	2	1	1	1	1	1	1	1	1	1	1	1
12500	-109.080278169592347	-110.750509982638775	1.670231813046422	0.137635999820649	0.137635999820649	1.000000000000000	0.932150053590173	0.000000000000000	16083	16089	16107	16112	16117	16124	16132	16135	16133	16139	16100	0	1	1	2	1	1	5	6	6	7	1	1	1	1	1	1	1	1	1	1	1	1
13000	-104.657183775473541	-106.604882450784160	1.947698675310617	0.112090572331100	0.112090572331100	1.000000000000000	0.961335491585193	0.000000000000000	16083	16087	16107	16109	16117	16124	16132	16135	16133	16139	16102	0	1	1	1	1	5	1	6	6	9	1	1	1	1	1	1	1	1	1	1	1	1
13500	-107.227379273342763	-108.860029835505046	1.632650562162288	0.090852619275977	0.090852619275977	1.000000000000000	0.928265795080930	0.000000000000000	16083	16089	16107	16112	16117	16122	16132	16135	16133	16139	16102	0	1	1	1	2	5	5	5	6	9	1	1	1	1	1	1	1	1	1	1	1	1
14000	-106.538349293931333	-108.819447736362065	2.281098442430727	0.171916814207609	0.171916814207609	1.000000000000000	0.997615441968082	0.000000000000000	16083	16089	16107	16112	16117	16124	16132	16135	16133	16139	16102	0	1	1	1	2	5	5	1	5	6	1	1	1	1	1	1	1	1	1	1	1	1
14500	-107.763858049131755	-109.666040247810940	1.902182198679192	0.198633243477361	0.198633243477361	1.000000000000000	0.956485920062459	0.000000000000000	16083	16089	16107	16112	16117	16124	16131	16135	16133	16139	16098	0	1	1	1	1	1	5	6	5	5	2	1	1	1	1	1	1	1	1	1	1	1
15000	-105.528320800628535	-107.208588509036616	1.680267708408083	0.085748442685559	0.085748442685559	1.000000000000000	0.933190073389532	0.000000000000000	16083	16086	16107	16112	16117	16124	16132	16135	16133	16139	16101	0	1	1	1	1	5	6	1	5	5	1	1	1	1	1	1	1	1	1	1	1	1
15500	-105.554448977293703	-107.272469640160210	1.718020662866506	0.051742322189965	0.051742322189965	1.000000000000000	0.937112815403229	0.000000000000000	16083	16089	16107	16112	16117	16124	16132	16135	16133	16139	16102	0	1	1	1	1	5	5	6	6	6	1	1	1	1	1	1	1	1	1	1	1	1
16000	-112.706757973731698	-114.387922288526795	1.681164314795092	0.173817457443724	0.173817457443724	1.000000000000000	0.933283045151637	0.000000000000000	16083	16089	16107	16112	16117	16123	16130	16135	16133	16139	16102	0	1	2	1	1	5	4	5	1	3	2	1	1	1	1	1	1	1	1	1	1	1
16500	-107.950696799289119	-110.048751169337422	2.098054370048295	0.063143623514579	0.063143623514579	1.000000000000000	0.977530646317259	0.000000000000000	16083	16089	16107	16112	16117	16124	16132	16135	16133	16139	16102	0	1	1	1	1	2	6	6	5	1	1	1	1	1	1	1	1	1	1	1	1	1
17000	-106.870352275267209	-109.044412220914325	2.174059945647114	0.134676681416360	0.134676681416360	1.000000000000000	0.985820911783697	0.000000000000000	16083	16089	16107	16112	16117	16124	16132	16135	16133	16139	16102	0	1	1	1	1	5	2	6	1	5	1	1	1	1	1	1	1	1	1	1	1	1
17500	-104.456995596335631	-106.726990348002076	2.269994751666448	0.079171703389078	0.079171703389078	1.000000000000000	0.996385399417080	0.000000000000000	16083	16089	16107	16112	16117	16124	16132	16135	16133	16136	16102	0	1	1	1	1	1	6	6	1	8	1	1	1	1	1	1	1	1	1	1	1	1
18000	-104.284151079572950	-106.354677903756084	2.070526824183135	0.145433700504610	0.145433700504610	1.000000000000000	0.974545323045771	0.000000000000000	16083	16089	16107	16112	16117	16124	16132	16135	16133	16139	16102	0	1	1	1	1	5	6	6	5	8	1	1	1	1	1	1	1	1	1	1	1	1
18500	-111.988680557628655	-113.775815739050373	1.787135181421718	0.258110666671583	0.258110666671583	1.000000000000000	0.944336974144621	0.000000000000000	16083	16087	16107	16112	16117	16124	16132	16135	16133	16139	16102	0	1	1	3	4	4	5	4	1	9	1	1	1	1	1	1	1	1	1	1	1	1
19000	-111.815436963467093	-113.354492617313284	1.539055653846190	0.217841881621132	0.217841881621132	1.000000000000000	0.918662377575372	0.000000000000000	16083	16089	16107	16112	16117	16124	16132	16135	16133	16139	16102	0	1	2	1	3	5	4	6	6	7	1	1	1	1	1	1	1	1	1	1	1	1
19500	-107.942963342115320	-109.179855136794117	1.236891794678793	0.145891775117010	0.145891775117010	1.000000000000000	0.888331436362446	0.000000000000000	16083	16087	16107	16112	16117	16124	16132	16135	16133	16139	16102	0	1	1	1	1	5	6	6	3	8	1	1	1	1	1	1	1	1	1	1	1	1
20000	-109.313461054524353	-111.393797194748700	2.080336140224343	0.262168540097028	0.262168540097028	1.000000000000000	0.975608082445191	0.000000000000000	16083	16089	16107	16112	16117	16124	16132	16135	16133	16139	16102	0	1	1	1	1	5	6	3	6	8	2	1	1	1	1	1	1	1	1	1	1	1
20500	-110.667555467904805	-112.898692383097782	2.231136915192975	0.261485378245266	0.261485378245266	1.000000000000000	0.992092741727650	0.000000000000000	16083	16089	16107	16111	16117	16124	16132	16135	16133	16139	16102	0	1	1	1	4	4	1	2	5	9	1	1	1	1	1	1	1	1	1	1	1	1
21000	-108.059835108725323	-110.338624492925902	2.278789384200572	0.116520551011811	0.116520551011811	1.000000000000000	0.997359524560296	0.000000000000000	16083	16089	16107	16112	16117	16124	16132	16135	16133	16139	16102	0	1	1	1	1	2	5	5	7	6	1	1	1	1	1	1	1	1	1	1	1	1
21500	-109.190432009938206	-110.669712324946886	1.479280315008679	0.129747148648557	0.129747148648557	1.000000000000000	0.912581111039879	0.000000000000000	16083	16089	16107	16112	16117	16124	16132	16135	16133	16139	16102	0	1	1	3	1	3	5	6	5	6	1	1	1	1	1	1	1	1	1	1	1	1
22000	-109.239890160144256	-111.319098467251450	2.079208307107199	0.147085653761959	0.147085653761959	1.000000000000000	0.975485831982499	0.000000000000000	16083	16089	16107	16112	16117	16124	16132	16135	16133	16139	16102	0	1	1	1	1	1	5	6	6	9	1	1	1	1	2	1	1	1	1	1	1	1
22500	-105.957584788191625	-107.548177474613865	1.590592686422247	0.121238095112447	0.121238095112447	1.000000000000000	0.923938038585466	0.000000000000000	16083	16089	16107	16112	16117	16124	16132	16135	16133	16139	16102	0	1	1	1	1	1	5	1	6	8	1	1	1	1	1	1	1	1	1	1	1	1
23000	-112.050796203986721	-114.267551259265204	2.216755055278479	0.259982292337055	0.259982292337055	1.000000000000000	0.990508658975226	0.000000000000000	16083	16089	16107	16112	16117	16124	16132	16135	16133	16139	16100	0	1	2	1	2	5	4	7	4	9	1	1	1	1	1	1	1	1	1	1	1	1
23500	-110.672862298372181	-110.948339058014412	0.275476759642227	0.205173869741113	0.205173869741113	1.000000000000000	0.798329180848361	0.000000000000000	16083	16089	16107	16112	16117	16124	16132	16135	16133	16139	16102	0	1	1	1	2	5	6	5	5	8	1	1	1	1	1	1	1	1	1	1	1	1
24000	-107.804474770830097	-110.093801374587684	2.289326603757582	0.164490791699527	0.164490791699527	1.000000000000000	0.998527919104883	0.000000000000000	16083	16089	16107	16112	16117	16124	16132	16135	16133	16139	16102	0	1	2	1	1	2	6	5	6	6	1	1	1	1	1	1	1	1	1	1	1	1
24500	-110.216353289633645	-112.239422110509565	2.023068820875918	0.153991977363293	0.153991977363293	1.000000000000000	0.969419962092444	0.000000000000000	16083	16088	16107	16112	16117	16124	16132	16135	16133	16139	16102	0	1	2	1	1	5	6	2	4	6	1	1	1	1	1	1	1	1	1	1	1	1
25000	-105.209800713195762	-107.208403986314778	1.998603273119013	0.130648107199907	0.130648107199907	1.000000000000000	0.966788275096703	0.000000000000000	16083	16089	16107	16112	16117	16124	16132	16135	16133	16139	16102	0	1	1	1	1	5	1	1	6	9	1	1	1	1	1	1	1	1	1	1	1	1
25500	-106.135366258601252	-108.366120944045917	2.230754685444669	0.107149337427513	0.107149337427513	1.000000000000000	0.992050608471359	0.000000000000000	16083	16089	16107	16112	16117	16124	16132	16135	16133	16139	16102	0	1	1	1	1	5	5	11	5	6	2	1	1	1	1	1	1	1	1	1	1	1
26000	-107.524982123092059	-109.168048409064511	1.643066285972448	0.124474480745160	0.124474480745160	1.000000000000000	0.929340701417373	0.000000000000000	16083	16088	16107	16112	16117	16124	16132	16135	16133	16139	16102	0	1	1	1	1	2	6	11	5	8	1	1	1	1	1	1	1	1	1	1	1	1
26500	-108.181236297183986	-110.307621210907215	2.126384913723231	0.140688715309278	0.140688715309278	1.000000000000000	0.980612602819110	0.000000000000000	16083	16089	16107	16112	16117	16124	16132	16135	16133	16139	16102	0	1	2	1	1	1	6	11	7	9	1	1	1	1	1	1	1	1	1	1	1	1
27000	-109.764559635927682	-111.853625270664025	2.089065634736349	0.104608383268216	0.104608383268216	1.000000000000000	0.976554826559895	0.000000000000000	16083	16088	16107	16112	16117	16124	16132	16135	16133	16139	16102	0	1	1	1	4	1	2	1	6	1	1	1	1	1	1	1	1	1	1	1	1	1
27500	-113.361742058613515	-115.007414847598966	1.645672788985457	0.115663262479051	0.115663262479051	1.000000000000000	0.929609888099525	0.000000000000000	16083	16089	16107	16109	16117	16124	16132	16135	16133	16139	16102	0	1	1	2	2	5	6	1	1	8	1	1	1	2	1	1	1	1	1	1	1	1
28000	-115.048317973153303	-116.976676966491368	1.928358993338070	0.374468025588982	0.374468025588982	1.000000000000000	0.959271940327726	0.000000000000000	16083	16089	16107	16112	16117	16124	16132	16134	16131	16139	16102	0	1	2	3	3	1	5	4	1	7	1	1	1	1	1	1	1	1	1	1	1	1
28500	-107.990244611216696	-110.017369564535244	2.027124953318545	0.202096167944518	0.202096167944518	1.000000000000000	0.969856960087230	0.000000000000000	16083	16089	16107	16112	16117	16124	16132	16135	16133	16139	16102	0	1	1	2	1	5	1	1	6	5	1	1	1	1	1	1	1	1	1	1	1	1
29000	-110.790203086544068	-112.436373598185909	1.646170511641847	0.201981761222186	0.201981761222186	1.000000000000000	0.929661299288086	0.000000000000000	16083	16089	16107	16112	16116	16124	16132	16135	16133	16139	16102	0	1	1	3	4	1	1	5	5	9	2	1	1	1	1	1	1	1	1	1	1	1
29500	-109.681312268874777	-111.791131082089962	2.109818813215189	0.152415112424488	0.152415112424488	1.000000000000000	0.978809271122633	0.000000000000000	16083	16089	16106	16112	16117	16124	16129	16135	16133	16139	16102	0	1	2	1	4	1	5	4	5	8	1	1	1	1	1	1	1	1	1	1	1	1
30000	-114.778051978551986	-115.997949754508667	1.219897775956686	0.157231471757735	0.157231471757735	1.000000000000000	0.886655649983856	0.000000000000000	16083	16089	16107	16112	16117	16124	16132	16135	16133	16139	16102	0	1	2	3	1	2	5	6	5	8	1	1	1	1	1	1	1	1	1	1	1	2
30500	-104.521235546920209	-106.805423838508375	2.284188291588162	0.147989700484422	0.147989700484422	1.000000000000000	0.997957998682172	0.000000000000000	16083	16089	16107	16112	16117	16124	16132	16133	16133	16139	16102	0	1	1	1	1	1	5	6	6	5	1	1	1	1	1	1	1	1	1	1	1	1
31000	-106.490122974707958	-108.736880294024445	2.246757319316492	0.134133297417105	0.134133297417105	1.000000000000000	0.993816113454507	0.000000000000000	16083	16089	16107	16112	16117	16124	16132	16135	16133	16139	16102	0	1	1	2	1	1	6	1	5	8	1	1	1	1	1	1	1	1	1	1	1	1
31500	-115.486997690121640	-116.255376391760137	0.768378701638497	0.285149293808234	0.285149293808234	1.000000000000000	0.843270599350727	0.000000000000000	16083	16089	16107	16110	16117	16124	16132	16135	16133	16139	16102	0	1	2	3	4	2	6	6	6	1	2	1	1	1	1	1	1	1	1	1	1	1
32000	-110.060546374616294	-111.665493279467000	1.604946904850708	0.265621721227827	0.265621721227827	1.000000000000000	0.925412815278801	0.000000000000000	16083	16088	16107	16112	16117	16124	16132	16135	16133	16139	16102	0	1	1	3	3	5	5	5	5	6	1	1	1	1	1	1	1	1	1	1	1	1
32500	-108.562692317455245	-110.682319844628111	2.119627527172863	0.129872411916407	0.129872411916407	1.000000000000000	0.979876614883027	0.000000000000000	16083	16089	16107	16112	16117	16124	16132	16133	16133	16139	16102	0	1	1	1	1	4	4	6	1	6	1	1	1	1	1	1	1	1	1	1	1	1
33000	-109.347870946200288	-110.126796204814468	0.778925258614186	0.107483667185480	0.107483667185480	1.000000000000000	0.844259356505781	0.000000000000000	16083	16089	16107	16112	16117	16124	16132	16135	16133	16139	16102	0	1	1	2	1	1	5	6	6	5	1	1	1	1	1	1	1	1	1	1	1	1
33500	-113.212609179570620	-115.507911749692624	2.295302570122006	0.128710187085703	0.128710187085703	1.000000000000000	0.999191158081117	0.000000000000000	16083	16089	16107	16112	16116	16124	16131	16135	16133	16139	16102	0	1	2	2	3	1	6	6	3	9	2	1	1	1	1	1	1	1	1	1	1	1
34000	-110.451765194353740	-112.565376942711751	2.113611748358017	0.239633198747194	0.239633198747194	1.000000000000000	0.979221864733523	0.000000000000000	16083	16089	16107	16112	16117	16124	16132	16135	16133	16139	16102	0	1	1	2	4	4	6	1	1	9	1	1	1	1	1	1	1	1	1	1	1	1
34500	-107.784942243722810	-109.928236583685532	2.143294339962725	0.185157287649451	0.185157287649451	1.000000000000000	0.982456734285452	0.000000000000000	16083	16087	16107	16112	16117	16124	16132	16135	16133	16139	16102	0	1	1	2	1	1	1	5	1	9	1	1	1	1	1	1	1	1	1	1	1	1
35000	-107.309475253189561	-109.101343663484144	1.791868410294581	0.090508886063060	0.090508886063060	1.000000000000000	0.944833745099510	0.000000000000000	16083	16088	16107	16112	16117	16122	16132	16135	16133	16139	16100	0	1	2	1	1	1	5	6	5	8	1	1	1	1	1	1	1	1	1	1	1	1
35500	-111.695588195722550	-113.268345271301968	1.572757075579416	0.111087142177239	0.111087142177239	1.000000000000000	0.922108851743357	0.000000000000000	16083	16089	16107	16109	16117	16124	16132	16135	16133	16139	16102	0	1	1	3	4	5	1	5	6	1	2	1	1	1	1	1	1	1	1	1	1	1
36000	-108.952188454236122	-110.928436300010247	1.976247845774129	0.090960561894384	0.090960561894384	1.000000000000000	0.964389814581353	0.000000000000000	16083	16089	16107	16112	16117	16124	16132	16135	16133	16139	16102	0	1	1	1	4	1	6	5	6	5	2	1	1	1	1	1	1	1	1	1	1	1
36500	-108.802029927391160	-110.956244111961468	2.154214184570304	0.092277424219692	0.092277424219692	1.000000000000000	0.983649488274257	0.000000000000000	16083	16089	16107	16112	16117	16124	16132	16135	16133	16138	16102	0	1	1	1	1	5	3	3	6	6	1	1	1	1	1	1	1	1	1	1	1	1
37000	-107.730479931242385	-109.954656077129144	2.224176145886759	0.232903231651933	0.232903231651933	1.000000000000000	0.991325735185024	0.000000000000000	16083	16089	16107	16112	16117	16124	16132	16135	16133	16139	16102	0	1	1	1	4	5	1	1	6	8	1	1	1	1	1	1	1	1	1	1	1	1
37500	-107.180034149372958	-109.278335220437938	2.098301071064977	0.231666645804700	0.231666645804700	1.000000000000000	0.977557441996096	0.000000000000000	16083	16089	16107	16112	16117	16124	16132	16135	16133	16139	16099	0	1	1	1	1	1	1	6	6	6	1	1	1	1	1	1	1	1	1	1	1	1
38000	-106.572002663150215	-108.783269270568823	2.211266607418606	0.157744811999688	0.157744811999688	1.000000000000000	0.989904803658903	0.000000000000000	16083	16089	16107	16112	16117	16124	16132	16135	16133	16136	16100	0	1	1	1	4	1	1	6	6	5	1	1	1	1	1	1	1	1	1	1	1	1
38500	-112.644177866250558	-113.663881699072448	1.019703832821896	0.128652042627551	0.128652042627551	1.000000000000000	0.867150819061884	0.000000000000000	16083	16088	16107	16112	16117	16124	16132	16134	16133	16139	16102	0	1	1	1	3	5	1	7	6	2	1	1	1	1	1	1	1	1	1	1	1	1
39000	-106.697217066301576	-107.843879862361746	1.146662796060173	0.142825993064183	0.142825993064183	1.000000000000000	0.879470013109205	0.000000000000000	16083	16089	16105	16112	16117	16124	16132	16135	16133	16139	16102	0	1	1	1	1	5	6	11	5	5	1	1	1	1	1	1	1	1	1	1	1	1
39500	-110.600503774408892	-112.650831558900393	2.050327784491500	0.238041218081773	0.238041218081773	1.000000000000000	0.972360566777032	0.000000000000000	16083	16089	16107	16112	16117	16123	16132	16134	16133	16139	16102	0	1	1	1	1	1	5	5	4	7	2	1	1	1	1	1	1	1	1	1	1	1
40000	-104.604828560787851	-106.901135361832743	2.296306801044895	0.097466771411417	0.097466771411417	1.000000000000000	0.999302655263588	0.000000000000000	16083	16087	16107	16112	16117	16124	16132	16135	16133	16139	16101	0	1	1	1	1	1	6	5	1	5	1	1	1	1	1	1	1	1	1	1	1	1
40500	-110.582721230615888	-112.432377939627258	1.849656709011365	0.209864712777283	0.209864712777283	1.000000000000000	0.950919967624969	0.000000000000000	16083	16089	16107	16112	16117	16124	16131	16135	16133	16139	16102	0	1	1	1	1	5	3	7	2	9	1	1	1	1	1	1	1	1	1	1	1	1
41000	-106.865341676460986	-108.678203174558547	1.812861498097563	0.133025852420634	0.133025852420634	1.000000000000000	0.947040203872587	0.000000000000000	16083	16089	16107	16110	16117	16124	16132	16135	16133	16139	16102	0	1	1	2	1	5	5	5	5	5	1	1	1	1	1	1	1	1	1	1	1	1
41500	-104.549208558468791	-106.685889233100625	2.136680674631839	0.088111929549366	0.088111929549366	1.000000000000000	0.981735039482518	0.000000000000000	16083	16089	16107	16112	16117	16124	16132	16135	16133	16139	16101	0	1	1	1	1	5	6	5	1	5	1	1	1	1	1	1	1	1	1	1	1	1
42000	-115.216597619053218	-117.486741631278562	2.270144012225351	0.143967485006804	0.143967485006804	1.000000000000000	0.996401924114284	0.000000000000000	16083	16089	16107	16112	16117	16124	16132	16135	16133	16139	16102	0	1	1	1	1	5	6	4	2	1	1	1	1	1	1	1	1	1	2	1	1	1
42500	-110.502242174927673	-111.349473218822283	0.847231043894604	0.230919615562223	0.230919615562223	1.000000000000000	0.850691266371398	0.000000000000000	16083	16089	16107	16112	16117	16124	16132	16135	16133	16139	16102	0	1	1	1	2	5	6	6	6	1	1	1	1	1	1	1	1	1	1	1	1	1
43000	-108.535093855142875	-110.335066405217773	1.799972550074904	0.163895736421142	0.163895736421142	1.000000000000000	0.945684913234467	0.000000000000000	16083	16089	16107	16111	16117	16124	16132	16135	16133	16139	16102	0	1	1	2	4	1	5	5	6	9	1	1	1	1	1	1	1	1	1	1	1	1
43500	-110.080133674128277	-111.375710191046494	1.295576516918213	0.214851214882735	0.214851214882735	1.000000000000000	0.894142749243557	0.000000000000000	16083	16089	16107	16112	16117	16124	16132	16135	16133	16139	16102	0	1	1	1	3	5	1	1	1	5	1	1	1	1	1	1	1	1	1	1	1	1
44000	-110.156687102096626	-112.027506914382286	1.870819812285656	0.119497814478924	0.119497814478924	1.000000000000000	0.953158645055797	0.000000000000000	16083	16089	16107	16112	16117	16124	16132	16135	16133	16139	16102	0	1	1	3	1	3	5	7	6	9	1	1	1	1	1	1	1	1	1	1	1	1
44500	-109.068963135867932	-111.276524692307987	2.207561556440055	0.198222102264447	0.198222102264447	1.000000000000000	0.989497371111070	0.000000000000000	16083	16089	16107	16112	16117	16124	16132	16135	16133	16139	16102	0	1	1	3	1	5	6	4	6	6	2	1	1	1	1	1	1	1	1	1	1	1
45000	-105.162123592649380	-107.330039261929457	2.167915669280080	0.052847273911554	0.052847273911554	1.000000000000000	0.985148124117192	0.000000000000000	16083	16089	16107	16112	16117	16124	16132	16135	16133	16139	16100	0	1	1	1	1	1	5	5	5	6	1	1	1	1	1	1	1	1	1	1	1	1
45500	-111.758358671589633	-113.242234915299520	1.483876243709885	0.243227740451336	0.243227740451336	1.000000000000000	0.913047247572588	0.000000000000000	16083	16088	16107	16112	16117	16124	16132	16135	16133	16139	16102	0	1	2	1	3	1	6	2	5	8	1	1	1	1	1	1	1	1	1	1	1	1
46000	-111.798103845811482	-113.964017832267075	2.165913986455599	0.246528127952484	0.246528127952484	1.000000000000000	0.984929042472136	0.000000000000000	16083	16089	16107	16112	16116	16124	16132	16135	16132	16139	16102	0	1	1	2	1	2	4	11	3	8	1	1	1	1	1	1	1	1	1	1	1	1
46500	-108.270932629802786	-110.319401574276242	2.048468944473456	0.123070991254170	0.123070991254170	1.000000000000000	0.972159758322401	0.000000000000000	16083	16089	16107	16112	16117	16124	16132	16135	16133	16139	16102	0	1	1	1	3	5	2	6	6	5	1	1	1	1	1	1	1	1	1	1	1	1
47000	-108.776380082875406	-110.635200975717950	1.858820892842548	0.126587638325991	0.126587638325991	1.000000000000000	0.951888728023628	0.000000000000000	16083	16089	16107	16112	16117	16124	16132	16135	16133	16139	16102	0	1	1	3	1	4	6	5	1	6	1	1	1	1	1	1	1	1	1	1	1	1
47500	-107.264879559700304	-109.141153773147295	1.876274213446984	0.082962161309872	0.082962161309872	1.000000000000000	0.953736476758497	0.000000000000000	16083	16089	16107	16112	16117	16124	16132	16135	16133	16139	16102	0	1	1	1	1	1	5	7	6	6	1	1	1	1	1	1	1	1	1	1	1	1
48000	-105.194171369557480	-107.310105533926816	2.115934164369341	0.148332514442840	0.148332514442840	1.000000000000000	0.979474581842612	0.000000000000000	16083	16089	16107	16112	16117	16124	16132	16134	16133	16139	16102	0	1	1	1	1	1	1	5	6	9	1	1	1	1	1	1	1	1	1	1	1	1
48500	-110.655929310877596	-112.553017904862088	1.897088593984486	0.171708367874228	0.171708367874228	1.000000000000000	0.955944744198583	0.000000000000000	16083	16089	16107	16112	16117	16124	16132	16135	16133	16139	16102	0	1	1	2	1	1	5	6	7	1	2	1	1	1	1	1	1	1	1	1	1	1
49000	-106.790963254958172	-108.640535629004404	1.849572374046232	0.108792305736851	0.108792305736851	1.000000000000000	0.950911057022016	0.000000000000000	16083	16089	16107	16112	16117	16124	16132	16135	16133	16139	16102	0	1	1	1	1	5	6	5	6	4	1	1	1	1	1	1	1	1	1	1	1	1
49500	-106.103229679936007	-108.125549785698908	2.022320105762899	0.129694095303391	0.129694095303391	1.000000000000000	0.969339318849482	0.000000000000000	16083	16089	16107	16112	16117	16124	16132	16135	16133	16139	16102	0	1	1	1	3	5	6	5	5	5	1	1	1	1	1	1	1	1	1	1	1	1
50000	-115.280536482316634	-116.647299183020465	1.366762700703831	0.048020116691058	0.048020116691058	1.000000000000000	0.901243082547923	0.000000000000000	16083	16089	16107	16112	16117	16124	16132	16135	16133	16139	16102	0	1	1	1	1	5	5	11	5	5	1	1	1	1	1	1	2	1	1	2	1	1
50500	-108.703921201324818	-110.978394637364573	2.274473436039752	0.183022788265287	0.183022788265287	1.000000000000000	0.996881355666168	0.000000000000000	16083	16089	16107	16112	16117	16124	16132	16135	16133	16139	16102	0	1	1	3	2	5	6	5	7	6	1	1	1	1	1	1	1	1	1	1	1	1
51000	-110.415319339227821	-112.659822179097389	2.244502839869571	0.227381929479406	0.227381929479406	1.000000000000000	0.993567195965573	0.000000000000000	16083	16089	16107	16112	16117	16124	16130	16135	16133	16137	16102	0	1	1	1	1	1	4	2	6	7	1	1	1	1	1	1	1	1	1	1	1	1
51500	-110.635949404878374	-112.169240267601523	1.533290862723143	0.172299353541029	0.172299353541029	1.000000000000000	0.918074133021502	0.000000000000000	16083	16088	16107	16112	16116	16124	16132	16134	16133	16139	16102	0	1	1	1	3	5	4	4	5	8	1	1	1	1	1	1	1	1	1	1	1	1
52000	-111.276587786741203	-112.925411851105196	1.648824064363996	0.258210196653964	0.258210196653964	1.000000000000000	0.929935440285567	0.000000000000000	16083	16089	16107	16112	16117	16124	16132	16135	16133	16138	16102	0	1	1	1	4	5	6	4	2	8	1	1	1	1	1	1	1	1	1	1	1	1
52500	-110.682982964755908	-112.371258200212878	1.688275235456965	0.133496668044053	0.133496668044053	1.000000000000000	0.934020725611345	0.000000000000000	16083	16089	16107	16112	16117	16124	16132	16135	16133	16139	16102	0	1	2	2	3	5	5	11	5	5	1	1	1	1	1	1	1	1	1	1	1	1
53000	-109.448719874437174	-111.434600528199567	1.985880653762395	0.088024665673643	0.088024665673643	1.000000000000000	0.965422565155395	0.000000000000000	16083	16089	16107	16112	16117	16124	16132	16135	16133	16139	16102	0	1	1	1	1	1	5	1	6	5	1	1	1	1	2	1	1	1	1	1	1	1
53500	-104.728247115564571	-106.919978271925530	2.191731156360956	0.131893592583427	0.131893592583427	1.000000000000000	0.987758440972513	0.000000000000000	16083	16089	16107	16112	16117	16124	16132	16135	16133	16139	16102	0	1	1	1	1	1	6	1	6	9	1	1	1	1	1	1	1	1	1	1	1	1
54000	-109.504340677841867	-111.587035898050217	2.082695220208350	0.071708012600808	0.071708012600808	1.000000000000000	0.975863842352457	0.000000000000000	16083	16089	16107	16112	16117	16124	16132	16135	16133	16139	16102	0	1	1	1	1	3	6	5	6	5	2	1	1	1	1	1	1	1	1	1	1	1
54500	-105.784425079066409	-108.084953614339213	2.300528535272810	0.136364534639666	0.136364534639666	1.000000000000000	0.999771519692132	0.000000000000000	16083	16089	16107	16112	16117	16124	16129	16135	16133	16139	16102	0	1	1	1	1	5	3	6	6	6	1	1	1	1	1	1	1	1	1	1	1	1
55000	-110.133227411517382	-111.953856142499177	1.820628730981801	0.246678101874043	0.246678101874043	1.000000000000000	0.947857876859889	0.000000000000000	16083	16089	16106	16112	16115	16124	16132	16135	16133	16139	16102	0	1	1	2	4	1	1	6	6	5	1	1	1	1	1	1	1	1	1	1	1	1
55500	-105.999819329050410	-108.237844576332279	2.238025247281865	0.115196513641048	0.115196513641048	1.000000000000000	0.992852350633591	0.000000000000000	16083	16089	16107	16112	16117	16124	16131	16135	16133	16139	16102	0	1	1	1	3	1	6	6	5	5	1	1	1	1	1	1	1	1	1	1	1	1
56000	-109.983620575737035	-111.229609737140180	1.245989161403139	0.218840664280349	0.218840664280349	1.000000000000000	0.889229832215687	0.000000000000000	16083	16089	16107	16112	16117	16124	16132	16135	16133	16138	16102	0	1	1	1	1	4	1	1	5	8	1	1	1	1	1	1	1	1	1	1	1	1
56500	-109.759324381213716	-112.030050934268104	2.270726553054394	0.254289405990901	0.254289405990901	1.000000000000000	0.996466420068561	0.000000000000000	16083	16089	16107	16112	16117	16124	16132	16135	16133	16139	16102	0	1	1	3	4	2	5	5	5	6	1	1	1	1	1	1	1	1	1	1	1	1
57000	-106.797821436680636	-108.740250354281329	1.942428917600687	0.105105471615212	0.105105471615212	1.000000000000000	0.960772766889358	0.000000000000000	16083	16089	16107	16112	16117	16124	16132	16135	16133	16139	16102	0	1	1	1	1	1	6	5	6	7	1	1	1	1	1	1	1	1	1	1	1	1
57500	-114.536507641393740	-116.274975266000894	1.738467624607152	0.195905206107279	0.195905206107279	1.000000000000000	0.939244247880050	0.000000000000000	16083	16089	16107	16112	16117	16124	16132	16135	16133	16139	16102	0	1	1	1	1	1	4	6	7	9	1	1	2	1	1	1	1	1	1	1	1	1
58000	-115.466327827414702	-115.915583619406888	0.449255791992190	0.056401856437759	0.056401856437759	1.000000000000000	0.813893727101576	0.000000000000000	16083	16089	16107	16112	16117	16124	16132	16135	16133	16139	16100	0	1	1	1	4	5	5	1	5	9	1	1	1	1	1	1	1	1	3	1	1	1
58500	-107.501515553225261	-109.506067605188974	2.004552051963714	0.128512580486141	0.128512580486141	1.000000000000000	0.967427509625722	0.000000000000000	16083	16089	16107	16112	16117	16124	16132	16135	16133	16139	16102	0	1	1	1	1	5	1	5	1	3	1	1	1	1	1	1	1	1	1	1	1	1
59000	-110.252852981659515	-112.473776047220639	2.220923065561118	0.116738744245916	0.116738744245916	1.000000000000000	0.990967481907581	0.000000000000000	16083	16089	16107	16111	16117	16124	16132	16135	16133	16139	16102	0	1	2	1	4	5	5	1	5	3	1	1	1	1	1	1	1	1	1	1	1	1
59500	-109.912371125468837	-112.153871258992012	2.241500133523172	0.194034099314907	0.194034099314907	1.000000000000000	0.993235763421136	0.000000000000000	16083	16087	16107	16112	16117	16124	16132	16135	16133	16139	16101	0	1	2	1	1	5	3	5	1	6	2	1	1	1	1	1	1	1	1	1	1	1
60000	-111.247712609596277	-113.489938988087175	2.242226378490896	0.142410644102125	0.142410644102125	1.000000000000000	0.993315914707724	0.000000000000000	16083	16089	16107	16112	16117	16124	16132	16135	16133	16139	16102	0	1	2	3	3	2	6	5	1	8	1	1	1	1	1	1	1	1	1	1	1	1
60500	-107.095036562790000	-109.287786741584441	2.192750178794435	0.146984495455729	0.146984495455729	1.000000000000000	0.987870285972003	0.000000000000000	16083	16089	16107	16112	16117	16123	16132	16135	16133	16139	16102	0	1	1	1	1	5	1	11	2	6	1	1	1	1	1	1	1	1	1	1	1	1
61000	-106.430914392936643	-108.572562103041392	2.141647710104754	0.141439411708880	0.141439411708880	1.000000000000000	0.982277001550820	0.000000000000000	16083	16089	16107	16112	16117	16124	16132	16135	16133	16139	16102	0	1	1	2	1	1	5	5	5	9	1	1	1	1	1	1	1	1	1	1	1	1
61500	-103.994702914197944	-106.285532311221488	2.290829397023546	0.111967811202919	0.111967811202919	1.000000000000000	0.998694664251657	0.000000000000000	16083	16089	16107	16112	16117	16124	16132	16135	16133	16139	16102	0	1	1	1	1	1	5	5	6	8	1	1	1	1	1	1	1	1	1	1	1	1
62000	-111.278638268080641	-112.655856386286516	1.377218118205878	0.221425956952901	0.221425956952901	1.000000000000000	0.902290676787488	0.000000000000000	16083	16089	16106	16112	16117	16124	16132	16135	16133	16139	16102	0	1	2	3	3	5	5	1	6	5	1	1	1	1	1	1	1	1	1	1	1	1
62500	-105.364021727579811	-107.196600668185965	1.832578940606153	0.094614393598003	0.094614393598003	1.000000000000000	0.949117279495446	0.000000000000000	16083	16088	16107	16112	16117	16124	16132	16135	16133	16137	16102	0	1	1	1	1	1	6	5	1	8	1	1	1	1	1	1	1	1	1	1	1	1
63000	-117.065619730583350	-117.217818860623808	0.152199130040457	0.154538939762049	0.154538939762049	1.000000000000000	0.787468606639670	0.000000000000000	16083	16088	16107	16112	16117	16124	16132	16135	16133	16139	16102	0	1	1	1	1	4	3	1	6	1	1	1	1	1	1	2	1	1	1	1	2	1
63500	-108.203413584134637	-110.415925803096982	2.212512218962343	0.139473868903533	0.139473868903533	1.000000000000000	0.990041817234627	0.000000000000000	16083	16089	16107	16112	16117	16124	16132	16134	16132	16139	16102	0	1	1	1	1	5	3	1	5	8	2	1	1	1	1	1	1	1	1	1	1	1
64000	-108.971070404192446	-111.249424080004346	2.278353675811906	0.249255040829973	0.249255040829973	1.000000000000000	0.997311241516672	0.000000000000000	16083	16089	16107	16112	16117	16124	16132	16135	16130	16139	16102	0	1	1	1	1	4	6	6	2	8	1	1	1	1	1	1	1	1	1	1	1	1
64500	-110.777195950580094	-113.006950909951001	2.229754959370915	0.265284235221089	0.265284235221089	1.000000000000000	0.991940416940461	0.000000000000000	16083	16089	16107	16112	16117	16124	16132	16135	16133	16139	16102	0	1	2	2	2	1	5	6	1	9	1	1	1	1	1	1	1	1	1	1	1	1
65000	-114.133606063355714	-116.019891676580073	1.886285613224358	0.176455760721503	0.176455760721503	1.000000000000000	0.954797982285617	0.000000000000000	16083	16089	16107	16112	16117	16124	16132	16135	16133	16139	16102	0	1	1	2	2	2	1	11	4	5	2	1	1	1	1	1	1	1	1	1	1	1
65500	-110.081979636414545	-111.548028210324844	1.466048573910294	0.104497052554632	0.104497052554632	1.000000000000000	0.911240426037574	0.000000000000000	16083	16089	16107	16112	16117	16124	16132	16135	16133	16137	16102	0	1	1	2	3	5	1	6	1	9	1	1	1	1	1	1	1	1	1	1	1	1
66000	-107.729087193848656	-108.859226581788576	1.130139387939920	0.118169269189655	0.118169269189655	1.000000000000000	0.877856845291101	0.000000000000000	16083	16089	16107	16112	16117	16124	16132	16135	16133	16139	16102	0	1	1	1	4	5	5	5	6	9	1	1	1	1	1	1	1	1	1	1	1	1
66500	-110.886617927337326	-113.016822708514951	2.130204781177621	0.173432003603484	0.173432003603484	1.000000000000000	0.981028892285323	0.000000000000000	16083	16089	16107	16112	16117	16124	16132	16135	16133	16139	16102	0	1	1	2	3	3	5	6	5	5	2	1	1	1	1	1	1	1	1	1	1	1
67000	-114.295639092538181	-116.002540317155294	1.706901224617116	0.316994268382823	0.316994268382823	1.000000000000000	0.935955733879823	0.000000000000000	16083	16089	16107	16112	16117	16124	16132	16135	16133	16139	16101	0	1	2	1	3	4	6	4	7	7	1	1	1	1	1	1	1	1	1	1	1	1
67500	-110.101191577166887	-112.020400979886404	1.919209402719513	0.145700846873522	0.145700846873522	1.000000000000000	0.958297219700729	0.000000000000000	16083	16089	16107	16112	16117	16123	16132	16135	16133	16139	16102	0	1	1	1	2	5	5	3	6	7	1	1	1	1	1	1	1	1	1	1	1	1
68000	-106.856931077524962	-108.791923455818846	1.934992378293879	0.117454327920547	0.117454327920547	1.000000000000000	0.959979225396215	0.000000000000000	16083	16089	16106	16111	16117	16124	16132	16135	16133	16139	16102	0	1	1	1	1	5	6	5	6	1	2	1	1	1	1	1	1	1	1	1	1	1
68500	-106.834980457896677	-109.071565790541740	2.236585332645065	0.077572455212662	0.077572455212662	1.000000000000000	0.992693516380821	0.000000000000000	16083	16089	16107	16112	16117	16124	16132	16135	16133	16139	16102	0	1	2	1	1	5	1	5	6	5	1	1	1	1	1	1	1	1	1	1	1	1
69000	-107.702571762462611	-109.624915419696705	1.922343657234096	0.103704044245777	0.103704044245777	1.000000000000000	0.958631005305320	0.000000000000000	16083	16089	16107	16112	16117	16122	16132	16135	16133	16139	16102	0	1	1	1	1	3	6	5	1	1	1	1	1	1	1	1	1	1	1	1	1	1
69500	-122.190358242104665	-122.016743791107743	-0.173614450996928	0.311509453289699	0.311509453289699	1.000000000000000	0.759470892173944	0.000000000000000	16083	16089	16107	16112	16117	16124	16132	16135	16133	16139	16102	0	1	1	2	2	4	4	11	5	2	2	1	1	1	1	1	1	1	1	2	1	1
70000	-111.314091581521396	-112.724324660442477	1.410233078921085	0.230454131418744	0.230454131418744	1.000000000000000	0.905606654144433	0.000000000000000	16083	16089	16107	16112	16114	16124	16132	16135	16133	16139	16102	0	1	1	1	4	1	3	6	7	8	1	1	1	1	1	1	1	1	1	1	1	1
70500	-109.307374575440306	-111.399965404101977	2.092590828661669	0.206373546603298	0.206373546603298	1.000000000000000	0.976937406496845	0.000000000000000	16083	16088	16107	16112	16117	16124	16132	16135	16133	16139	16102	0	1	1	1	2	5	3	1	1	9	1	1	1	1	1	1	1	1	1	1	1	1
71000	-110.894201907225366	-113.176312888369125	2.282110981143760	0.056383588507557	0.056383588507557	1.000000000000000	0.997727684310249	0.000000000000000	16083	16089	16107	16112	16117	16120	16132	16130	16133	16139	16102	0	1	1	1	1	4	2	6	1	5	1	1	1	1	1	1	1	1	1	1	1	1
71500	-111.840085212660000	-113.904044112994114	2.063958900334119	0.242830270645744	0.242830270645744	1.000000000000000	0.973834389211818	0.000000000000000	16083	16089	16107	16112	16117	16124	16132	16134	16133	16139	16100	0	1	1	1	4	3	2	1	6	6	2	1	1	1	1	1	1	1	1	1	1	1
72000	-109.106084003410984	-111.064085238443354	1.958001235032364	0.184961347151968	0.184961347151968	1.000000000000000	0.962436590174028	0.000000000000000	16083	16089	16107	16112	16117	16124	16132	16135	16133	16139	16102	0	1	2	1	3	5	1	1	5	5	1	1	1	1	1	1	1	1	1	1	1	1
72500	-108.050173616238595	-110.127178379240192	2.077004763001595	0.187492746306147	0.187492746306147	1.000000000000000	0.975247024989881	0.000000000000000	16083	16089	16107	16112	16117	16124	16132	16135	16133	16139	16102	0	1	1	1	1	1	5	6	1	1	2	1	1	1	1	1	1	1	1	1	1	1
73000	-111.275844506448948	-112.939365542519738	1.663521036070785	0.298070026530534	0.298070026530534	1.000000000000000	0.931455262530859	0.000000000000000	16083	16089	16107	16111	16117	16124	16132	16134	16133	16139	16102	0	1	1	3	3	5	6	6	5	9	2	1	1	1	1	1	1	1	1	1	1	1
73500	-108.843205483753323	-110.684726335247149	1.841520851493819	0.176350834128081	0.176350834128081	1.000000000000000	0.950060739451461	0.000000000000000	16083	16089	16107	16112	16117	16124	16132	16135	16133	16139	16102	0	1	1	1	4	5	4	1	6	5	1	1	1	1	1	1	1	1	1	1	1	1
74000	-108.037097447571895	-110.043220203357819	2.006122755785926	0.154806310511679	0.154806310511679	1.000000000000000	0.967596362369283	0.000000000000000	16083	16089	16107	16112	16117	16124	16132	16135	16133	16139	16102	0	1	2	1	3	5	6	6	1	9	1	1	1	1	1	1	1	1	1	1	1	1
74500	-117.515557342178226	-118.514018062087374	0.998460719909151	0.385939373513590	0.385939373513590	1.000000000000000	0.865106456849568	0.000000000000000	16083	16089	16107	16109	16117	16124	16132	16135	16133	16139	16102	0	1	1	2	3	4	2	4	6	8	2	1	1	1	1	1	1	1	1	1	1	1
75000	-105.635557845405430	-107.815229696799832	2.179671851394403	0.110129752934444	0.110129752934444	1.000000000000000	0.986435807253590	0.000000000000000	16083	16089	16107	16112	16117	16124	16132	16135	16133	16139	16102	0	1	1	1	1	5	6	7	6	9	1	1	1	1	1	1	1	1	1	1	1	1
75500	-110.761916518967780	-113.042656108574064	2.280739589606283	0.198229181515585	0.198229181515585	1.000000000000000	0.997575665303412	0.000000000000000	16083	16089	16107	16112	16117	16124	16129	16135	16133	16139	16102	0	1	2	1	4	4	6	11	2	9	1	1	1	1	1	1	1	1	1	1	1	1
76000	-104.572162302866900	-106.745426170086219	2.173263867219312	0.071386425504316	0.071386425504316	1.000000000000000	0.985733716666590	0.000000000000000	16083	16088	16107	16112	16117	16124	16131	16135	16133	16139	16102	0	1	1	1	1	1	5	6	5	6	1	1	1	1	1	1	1	1	1	1	1	1
76500	-108.340271468742785	-110.489680806062879	2.149409337320090	0.094983155348261	0.094983155348261	1.000000000000000	0.983124485591165	0.000000000000000	16083	16089	16107	16112	16117	16124	16132	16135	16133	16139	16102	0	1	2	3	1	1	6	5	6	9	1	1	1	1	1	1	1	1	1	1	1	1
77000	-105.419570634346812	-107.228985286980546	1.809414652633737	0.175329663433647	0.175329663433647	1.000000000000000	0.946677573180931	0.000000000000000	16083	16089	16107	16112	16117	16124	16132	16135	16133	16139	16102	0	1	1	1	1	5	6	6	6	6	1	1	1	1	1	1	1	1	1	1	1	1
77500	-107.843664504651514	-109.871054680170445	2.027390175518933	0.144398173933114	0.144398173933114	1.000000000000000	0.969885541352473	0.000000000000000	16083	16089	16107	16112	16117	16124	16132	16135	16133	16139	16102	0	1	2	1	4	1	6	6	6	9	1	1	1	1	1	1	1	1	1	1	1	1
78000	-106.157520854728688	-108.085921605601669	1.928400750872978	0.155213824477332	0.155213824477332	1.000000000000000	0.959276391097110	0.000000000000000	16083	16088	16107	16112	16117	16124	16129	16135	16133	16139	16102	0	1	1	1	3	5	6	6	5	9	1	1	1	1	1	1	1	1	1	1	1	1
78500	-115.654233531152045	-117.740103432900128	2.085869901748084	0.196613658807970	0.196613658807970	1.000000000000000	0.976208131618887	0.000000000000000	16083	16089	16107	16111	16117	16124	16132	16135	16133	16139	16102	0	1	2	2	1	5	5	1	4	4	1	1	1	1	1	1	1	1	2	1	1	1
79000	-106.708371932387777	-108.190995740027134	1.482623807639351	0.158359589449362	0.158359589449362	1.000000000000000	0.912920197156604	0.000000000000000	16083	16089	16107	16112	16117	16120	16132	16135	16133	16139	16102	0	1	1	1	1	1	6	11	5	5	1	1	1	1	1	1	1	1	1	1	1	1
79500	-109.348445866263958	-111.500389342662274	2.151943476398316	0.202938987159479	0.202938987159479	1.000000000000000	0.983401343920052	0.000000000000000	16083	16089	16107	16112	16115	16124	16132	16135	16133	16139	16102	0	1	1	1	2	1	5	1	1	8	2	1	1	1	1	1	1	1	1	1	1	1
80000	-107.694583862899734	-109.928125115324619	2.233541252424882	0.193086113885758	0.193086113885758	1.000000000000000	0.992357813301314	0.000000000000000	16083	16089	16107	16112	16117	16124	16132	16135	16133	16139	16102	0	1	1	1	3	3	5	6	6	6	1	1	1	1	1	1	1	1	1	1	1	1
80500	-109.326841605730550	-110.921927075166522	1.595085469435974	0.151896321990614	0.151896321990614	1.000000000000000	0.924399381851784	0.000000000000000	16083	16089	16107	16112	16117	16124	16132	16134	16133	16139	16102	0	1	1	1	1	5	4	1	7	9	1	1	1	1	1	1	1	1	1	1	1	1
81000	-107.587081996868662	-109.666616551278906	2.079534554410249	0.114193848428081	0.114193848428081	1.000000000000000	0.975521193692515	0.000000000000000	16083	16089	16107	16112	16117	16124	16132	16135	16130	16139	16102	0	1	1	3	3	5	9	5	5	6	1	1	1	1	1	1	1	1	1	1	1	1
81500	-106.678233735986439	-108.843539304050111	2.165305568063667	0.148742389507837	0.148742389507837	1.000000000000000	0.984862461506645	0.000000000000000	16083	16089	16107	16112	16117	16124	16132	16135	16133	16139	16102	0	1	1	1	4	5	1	1	6	5	1	1	1	1	1	1	1	1	1	1	1	1
82000	-107.759353081709264	-109.949232008222353	2.189878926513089	0.147195334654389	0.147195334654389	1.000000000000000	0.987555177926351	0.000000000000000	16083	16089	16107	16112	16117	16124	16132	16135	16133	16139	16102	0	1	1	2	1	1	6	7	6	9	1	1	1	1	1	1	1	1	1	1	1	1
82500	-104.757279197079043	-106.797731454937278	2.040452257858232	0.082494056232107	0.082494056232107	1.000000000000000	0.971294199416836	0.000000000000000	16083	16089	16107	16112	16117	16124	16130	16135	16133	16139	16102	0	1	1	1	1	1	5	11	6	8	1	1	1	1	1	1	1	1	1	1	1	1
83000	-111.214524333109509	-113.382851804387371	2.168327471277858	0.221148699025572	0.221148699025572	1.000000000000000	0.985193201366859	0.000000000000000	16083	16089	16107	16111	16117	16124	16132	16135	16133	16139	16102	0	1	2	1	1	2	5	3	6	9	2	1	1	1	1	1	1	1	1	1	1	1
83500	-110.788126143687791	-112.963264025535238	2.175137881847446	0.211532289036599	0.211532289036599	1.000000000000000	0.985938991304550	0.000000000000000	16083	16089	16107	16112	16117	16124	16130	16133	16133	16139	16102	0	1	1	2	2	5	5	7	4	6	1	1	1	1	1	1	1	1	1	1	1	1
84000	-112.362678338776291	-113.731421686203333	1.368743347427043	0.316137926645791	0.316137926645791	1.000000000000000	0.901441442613664	0.000000000000000	16083	16089	16107	16112	16117	16123	16132	16135	16133	16139	16102	0	1	1	1	1	5	5	7	5	5	2	1	1	1	1	1	1	1	1	1	1	1
84500	-110.715477060561511	-112.925675676787236	2.210198616225731	0.292390529803208	0.292390529803208	1.000000000000000	0.989787342893646	0.000000000000000	16083	16089	16107	16112	16115	16122	16132	16135	16133	16139	16102	0	1	1	2	1	3	6	6	5	9	2	1	1	1	1	1	1	1	1	1	1	1
85000	-107.166343142187458	-109.079353127480019	1.913009985292558	0.169073718969435	0.169073718969435	1.000000000000000	0.957637348718355	0.000000000000000	16083	16089	16107	16112	16117	16124	16132	16135	16133	16139	16102	0	1	1	1	1	5	6	5	1	7	1	1	1	1	1	1	1	1	1	1	1	1
85500	-110.317052230597852	-112.456312472450549	2.139260241852693	0.230814378221368	0.230814378221368	1.000000000000000	0.982016463314287	0.000000000000000	16083	16089	16107	16112	16117	16124	16132	16135	16133	16139	16102	0	1	1	3	4	1	3	1	6	5	1	1	1	1	1	1	1	1	1	1	1	1
86000	-113.095170066729281	-114.609510618021218	1.514340551291939	0.263507794398287	0.263507794398287	1.000000000000000	0.916143078879504	0.000000000000000	16083	16089	16107	16112	16117	16124	16132	16135	16133	16139	16102	0	1	1	3	4	3	1	6	1	5	2	1	1	1	1	1	1	1	1	1	1	1
86500	-111.497367510381039	-113.587221076324298	2.089853565943257	0.212964546850064	0.212964546850064	1.000000000000000	0.976640325638374	0.000000000000000	16083	16087	16107	16112	16117	16123	16132	16135	16133	16139	16102	0	1	2	1	1	4	5	6	2	6	2	1	1	1	1	1	1	1	1	1	1	1
87000	-106.457622016263457	-108.566237923608540	2.108615907345089	0.150007838467227	0.150007838467227	1.000000000000000	0.978678455929632	0.000000000000000	16083	16088	16107	16112	16117	16124	16132	16135	16133	16139	16102	0	1	1	1	2	1	5	6	5	8	1	1	1	1	1	1	1	1	1	1	1	1
87500	-106.177567290796830	-108.418207994378420	2.240640703581592	0.215803380158437	0.215803380158437	1.000000000000000	0.993140921665741	0.000000000000000	16083	16089	16107	16112	16116	16124	16132	16135	16133	16139	16102	0	1	1	1	1	1	5	11	6	9	1	1	1	1	1	1	1	1	1	1	1	1
88000	-108.250940563371302	-109.924605409185077	1.673664845813775	0.185129586881223	0.185129586881223	1.000000000000000	0.932505688267063	0.000000000000000	16083	16088	16107	16112	16117	16124	16132	16135	16133	16139	16102	0	1	1	1	1	5	6	1	1	9	2	1	1	1	1	1	1	1	1	1	1	1
88500	-112.009056582467920	-114.086410475216638	2.077353892748720	0.283155842717950	0.283155842717950	1.000000000000000	0.975284857695596	0.000000000000000	16083	16089	16106	16112	16117	16124	16132	16135	16133	16139	16102	0	1	2	2	3	5	1	6	5	4	1	1	1	1	1	1	1	1	1	1	1	1
89000	-111.093313168491974	-113.133905359607610	2.040592191115636	0.227279431112095	0.227279431112095	1.000000000000000	0.971309301352152	0.000000000000000	16083	16089	16107	16112	16117	16124	16132	16135	16133	16139	16102	0	1	2	2	1	5	3	6	5	9	2	1	1	1	1	1	1	1	1	1	1	1
89500	-106.888525023132999	-109.043377144412460	2.154852121279466	0.087934503237759	0.087934503237759	1.000000000000000	0.983719213647306	0.000000000000000	16083	16089	16107	16112	16117	16124	16132	16135	16133	16139	16102	0	1	1	1	3	1	6	5	6	1	1	1	1	1	1	1	1	1	1	1	1	1
90000	-111.613597706880952	-112.744767816369517	1.131170109488563	0.152924284837837	0.152924284837837	1.000000000000000	0.877957387266819	0.000000000000000	16083	16089	16107	16112	16117	16124	16132	16135	16133	16139	16102	0	1	1	1	1	5	5	5	6	7	1	1	1	1	1	1	1	1	2	1	1	1
90500	-114.377505237104799	-114.053583494054138	-0.323921743050663	0.250439601453041	0.250439601453041	1.000000000000000	0.746892440458153	0.000000000000000	16083	16087	16107	16112	16117	16124	16132	16134	16133	16139	16102	0	1	1	2	3	1	6	5	5	6	1	1	1	1	1	1	1	1	1	1	1	1
91000	-104.286184629917997	-106.378946722195025	2.092762092277032	0.103775319726076	0.103775319726076	1.000000000000000	0.976955997099529	0.000000000000000	16083	16089	16107	16112	16117	16124	16132	16135	16133	16139	16102	0	1	1	1	1	5	6	11	5	6	1	1	1	1	1	1	1	1	1	1	1	1
91500	-112.533363743990961	-113.040895388376441	0.507531644385478	0.108464785630848	0.108464785630848	1.000000000000000	0.819180864955164	0.000000000000000	16083	16089	16107	16112	16115	16124	16132	16135	16133	16139	16102	0	1	1	1	3	5	5	5	6	6	1	1	1	1	1	1	1	1	1	1	2	1
92000	-108.086420197160095	-109.956635572187054	1.870215375026962	0.195283192526209	0.195283192526209	1.000000000000000	0.953094633361044	0.000000000000000	16083	16089	16107	16112	16117	16124	16132	16135	16133	16139	16099	0	1	2	1	4	5	6	6	5	8	1	1	1	1	1	1	1	1	1	1	1	1
92500	-105.951970278711897	-107.667377738579233	1.715407459867341	0.161719909450334	0.161719909450334	1.000000000000000	0.936840758677357	0.000000000000000	16083	16089	16107	16112	16117	16124	16132	16135	16133	16139	16102	0	1	1	1	1	1	5	5	6	6	1	1	1	1	1	1	1	1	1	1	1	1
93000	-114.677516227794385	-115.320014269893605	0.642498042099213	0.143615029001447	0.143615029001447	1.000000000000000	0.831558093598607	0.000000000000000	16083	16089	16107	16112	16117	16124	16132	16135	16133	16139	16102	0	1	2	3	2	5	1	4	6	6	1	1	1	1	1	1	1	1	1	1	1	1
93500	-107.573466757219407	-109.725090459299238	2.151623702079830	0.055497814566194	0.055497814566194	1.000000000000000	0.983366403819159	0.000000000000000	16083	16089	16107	16112	16117	16124	16132	16135	16133	16139	16102	0	1	1	1	4	5	5	5	6	1	1	1	1	1	1	1	1	1	1	1	1	1
94000	-107.886615224511090	-109.901954043770104	2.015338819259018	0.095522000564291	0.095522000564291	1.000000000000000	0.968587695347741	0.000000000000000	16083	16089	16107	16112	16117	16124	16132	16135	16133	16139	16101	0	1	1	1	1	5	1	1	5	1	2	1	1	1	1	1	1	1	1	1	1	1
94500	-107.928739972509348	-110.170655995739423	2.241916023230078	0.144148437845099	0.144148437845099	1.000000000000000	0.993281661873893	0.000000000000000	16083	16089	16107	16112	16117	16124	16125	16135	16133	16139	16102	0	1	1	1	3	1	5	11	6	6	2	1	1	1	1	1	1	1	1	1	1	1
95000	-111.641568411643718	-113.559576479289362	1.918008067645647	0.280597945834090	0.280597945834090	1.000000000000000	0.958169313119598	0.000000000000000	16083	16089	16107	16112	16117	16124	16132	16135	16133	16139	16102	0	1	1	3	3	5	5	5	6	4	2	1	1	1	1	1	1	1	1	1	1	1
95500	-108.108190460351977	-110.267278675313690	2.159088214961717	0.277904794788155	0.277904794788155	1.000000000000000	0.984182336712355	0.000000000000000	16083	16087	16107	16112	16117	16124	16129	16135	16133	16139	16102	0	1	1	1	1	5	1	5	6	9	1	1	1	1	1	1	1	1	1	1	1	1
96000	-111.403862658500131	-113.115239025869798	1.711376367369673	0.140569927619150	0.140569927619150	1.000000000000000	0.936421242439989	0.000000000000000	16083	16089	16107	16112	16117	16124	16132	16135	16133	16139	16102	0	1	2	3	4	5	5	7	6	9	1	1	1	1	1	1	1	1	1	1	1	1
96500	-111.991669945401128	-113.681677520810211	1.690007575409089	0.179042391604912	0.179042391604912	1.000000000000000	0.934200525294810	0.000000000000000	16083	16089	16107	16112	16117	16124	16132	16135	16133	16139	16102	0	1	1	3	4	1	5	11	3	9	2	1	1	1	1	1	1	1	1	1	1	1
97000	-112.345705457151695	-114.536475993420936	2.190770536269246	0.130724761972405	0.130724761972405	1.000000000000000	0.987653017642805	0.000000000000000	16083	16089	16107	16112	16117	16124	16132	16135	16133	16139	16101	0	1	2	3	2	1	5	11	5	1	2	1	1	1	1	1	1	1	1	1	1	1
97500	-105.315529664069587	-107.387759846191187	2.072230182121598	0.163989390192612	0.163989390192612	1.000000000000000	0.974729784891296	0.000000000000000	16083	16087	16107	16112	16117	16124	16132	16135	16133	16139	16102	0	1	1	1	1	5	1	11	6	9	1	1	1	1	1	1	1	1	1	1	1	1
98000	-105.910739017937757	-107.873904082808124	1.963165064870363	0.144112677205364	0.144112677205364	1.000000000000000	0.962988955152308	0.000000000000000	16083	16089	16107	16112	16117	16124	16132	16135	16133	16137	16102	0	1	1	3	1	5	6	6	6	9	1	1	1	1	1	1	1	1	1	1	1	1
98500	-114.789905491153377	-116.726331353221170	1.936425862067796	0.177173446951017	0.177173446951017	1.000000000000000	0.960132139200628	0.000000000000000	16083	16089	16107	16112	16117	16122	16132	16135	16133	16139	16102	0	1	1	3	3	4	5	1	6	8	1	1	1	1	1	1	1	1	1	2	1	1
99000	-107.552201351581004	-109.850678896565455	2.298477544984449	0.110716800046318	0.110716800046318	1.000000000000000	0.999543709908714	0.000000000000000	16083	16088	16107	16112	16115	16124	16132	16133	16133	16139	16102	0	1	1	1	4	5	6	3	5	8	1	1	1	1	1	1	1	1	1	1	1	1
99500	-114.450156594927435	-115.054686474100166	0.604529879172725	0.266082345477174	0.266082345477174	1.000000000000000	0.828057401484254	0.000000000000000	16083	16089	16106	16112	16117	16124	16132	16135	16132	16139	16102	0	1	1	1	4	4	4	4	6	9	1	1	1	1	1	1	1	1	1	1	1	1
100000	-106.527057980970170	-108.612321996078336	2.085264015108172	0.101795324969725	0.101795324969725	1.000000000000000	0.976142414779330	0.000000000000000	16083	16089	16107	16112	16117	16124	16132	16135	16133	16139	16102	0	1	1	1	1	5	6	2	5	9	1	1	1	1	1	1	1	1	1	1	1	1