step	post	like	prior	mu1	mu2	gamma	pi	spa1	Tinf_1	Tinf_2	Tinf_3	Tinf_4	Tinf_5	Tinf_6	Tinf_7	Tinf_8	Tinf_9	Tinf_10	Tinf_11	alpha_1	alpha_2	alpha_3	alpha_4	alpha_5	alpha_6	alpha_7	alpha_8	alpha_9	alpha_10	alpha_11	kappa_1	kappa_2	kappa_3	kappa_4	kappa_5	kappa_6	kappa_7	kappa_8	kappa_9	kappa_10	kappa_11
1	-164.984688110175256	-167.015161801052386	2.030473690877121	0.000100000000000	0.000100000000000	1.000000000000000	0.970217893501325	0.000000000000000	16083	16089	16107	16112	16117	16124	16132	16135	16133	16139	16102	0	1	2	11	4	11	1	3	4	8	1	1	1	1	1	1	1	1	1	1	1	1
500	-127.525454424096893	-129.674783456027313	2.149329031930419	0.000099497200402	0.000099497200402	1.000000000000000	0.983115713386422	0.000000000000000	16083	16089	16107	16112	16117	16124	16132	16135	16133	16139	16102	0	1	1	1	1	5	6	6	6	8	1	1	1	1	1	1	1	1	1	1	1	1
1000	-130.473522471973098	-131.675811121026783	1.202288649053683	0.000099839854578	0.000099839854578	1.000000000000000	0.884922542469547	0.000000000000000	16083	16089	16107	16112	16117	16124	16132	16135	16133	16139	16102	0	1	1	1	1	1	6	1	6	9	1	1	1	1	1	1	1	1	1	1	1	1
1500	-128.520748006366489	-130.374723471791867	1.853975465425389	0.000100202537150	0.000100202537150	1.000000000000000	0.951376387315337	0.000000000000000	16083	16089	16107	16111	16117	16124	16132	16135	16133	16139	16102	0	1	1	1	1	5	6	5	5	5	1	1	1	1	1	1	1	1	1	1	1	1
2000	-128.361001698855318	-130.164790000989825	1.803788302134506	0.000102502630178	0.000102502630178	1.000000000000000	0.946085942591760	0.000000000000000	16083	16089	16107	16112	16117	16124	16132	16135	16133	16139	16102	0	1	1	1	1	5	6	5	6	6	1	1	1	1	1	1	1	1	1	1	1	1
2500	-133.012746324488376	-134.939279454346860	1.926533129858487	0.000101896085849	0.000101896085849	1.000000000000000	0.959077349000145	0.000000000000000	16083	16089	16107	16112	16117	16124	16132	16134	16133	16138	16101	0	1	1	1	1	5	5	1	1	8	1	1	1	1	2	1	1	1	1	1	1	1
3000	-128.721433682405916	-130.619189394886092	1.897755712480170	0.000100689873657	0.000100689873657	1.000000000000000	0.956015605538124	0.000000000000000	16083	16089	16107	16112	16117	16124	16132	16135	16133	16139	16102	0	1	1	1	1	5	1	5	5	9	1	1	1	1	1	1	1	1	1	1	1	1
3500	-128.759805948078082	-130.570500894781361	1.810694946703272	0.000105076682335	0.000105076682335	1.000000000000000	0.946812252280385	0.000000000000000	16083	16087	16107	16112	16117	16124	16132	16135	16133	16139	16102	0	1	1	1	1	5	6	6	1	5	1	1	1	1	1	1	1	1	1	1	1	1
4000	-129.541081084493158	-131.326030167858306	1.784949083365135	0.000104698133931	0.000104698133931	1.000000000000000	0.944107622753347	0.000000000000000	16083	16089	16107	16112	16117	16124	16132	16135	16133	16139	16102	0	1	1	1	1	1	6	1	1	8	1	1	1	1	1	1	1	1	1	1	1	1
4500	-129.777189518016201	-131.002098119164543	1.224908601148349	0.000102653855978	0.000102653855978	1.000000000000000	0.887149440372871	0.000000000000000	16083	16089	16107	16112	16117	16124	16132	16135	16133	16139	16102	0	1	1	1	1	1	6	6	6	8	1	1	1	1	1	1	1	1	1	1	1	1
5000	-133.027469365622949	-134.464319176408992	1.436849810786048	0.000107026395907	0.000107026395907	1.000000000000000	0.908288872793451	0.000000000000000	16083	16086	16107	16112	16117	16122	16132	16135	16133	16139	16102	0	1	1	1	1	5	5	5	5	1	1	1	1	2	1	1	1	1	1	1	1	1
5500	-126.379936901111762	-128.613372204957841	2.233435303846077	0.000136654237174	0.000136654237174	1.000000000000000	0.992346131270077	0.000000000000000	16083	16087	16107	16112	16117	16124	16132	16135	16133	16139	16102	0	1	1	1	1	5	6	11	6	9	1	1	1	1	1	1	1	1	1	1	1	1
6000	-129.046905444766992	-130.344456289490665	1.297550844723662	0.000158653698162	0.000158653698162	1.000000000000000	0.894338918636461	0.000000000000000	16083	16089	16107	16112	16117	16124	16132	16135	16133	16139	16102	0	1	1	1	1	1	6	6	1	1	1	1	1	1	1	1	1	1	1	1	1	1
6500	-126.685746861564766	-128.846520061175283	2.160773199610514	0.000189701802584	0.000189701802584	1.000000000000000	0.984366613087418	0.000000000000000	16083	16089	16107	16112	16117	16124	16132	16135	16133	16139	16102	0	1	1	1	1	1	1	1	5	5	1	1	1	1	1	1	1	1	1	1	1	1
7000	-122.757052988406826	-125.018695040041365	2.261642051634536	0.000331554604975	0.000331554604975	1.000000000000000	0.995461105241033	0.000000000000000	16083	16089	16107	16112	16117	16124	16132	16135	16132	16139	16102	0	1	1	1	1	5	6	11	6	8	1	1	1	1	1	1	1	1	1	1	1	1
7500	-119.887771393770052	-122.168118407421971	2.280347013651922	0.000904174723309	0.000904174723309	1.000000000000000	0.997532152450330	0.000000000000000	16083	16089	16107	16112	16117	16124	16132	16135	16133	16139	16102	0	1	1	1	1	5	6	11	1	1	1	1	1	1	1	1	1	1	1	1	1	1
8000	-114.999663222637196	-116.895659804416397	1.895996581779203	0.009799685718272	0.009799685718272	1.000000000000000	0.955828761976365	0.000000000000000	16083	16089	16107	16112	16117	16124	16132	16134	16133	16139	16102	0	1	1	1	1	1	6	6	1	5	1	1	1	1	1	2	1	1	1	1	1	1
8500	-111.869895217299131	-114.149432649770318	2.279537432471194	0.255654977388755	0.255654977388755	1.000000000000000	0.997442425012949	0.000000000000000	16083	16088	16107	16112	16116	16124	16132	16135	16133	16139	16101	0	1	1	2	2	5	2	2	5	5	1	1	1	1	1	1	1	1	1	1	1	1
9000	-109.752057929769776	-111.965614859041096	2.213556929271322	0.136950092381176	0.136950092381176	1.000000000000000	0.990156746893041	0.000000000000000	16083	16089	16107	16112	16117	16124	16129	16135	16133	16139	16102	0	1	2	1	2	4	6	1	6	9	1	1	1	1	1	1	1	1	1	1	1	1
9500	-113.869538537841791	-115.670367109370034	1.800828571528249	0.148308934390029	0.148308934390029	1.000000000000000	0.945774864909300	0.000000000000000	16083	16089	16105	16112	16117	16124	16132	16135	16133	16139	16102	0	1	1	2	1	1	6	11	4	8	1	1	1	1	1	1	1	1	1	1	1	2
10000	-108.531362389157650	-110.446371459022302	1.915009069864648	0.218072620706340	0.218072620706340	1.000000000000000	0.957850083238217	0.000000000000000	16083	16089	16107	16112	16117	16124	16132	16135	16133	16139	16102	0	1	1	3	1	5	4	6	6	9	1	1	1	1	1	1	1	1	1	1	1	1
10500	-116.696458176523763	-116.895488717273594	0.199030540749832	0.196238531737082	0.196238531737082	1.000000000000000	0.791576871108688	0.000000000000000	16083	16089	16105	16112	16117	16124	16132	16135	16133	16139	16102	0	1	1	1	1	5	6	2	5	1	1	1	2	1	1	1	1	1	1	1	1	1
11000	-112.233442591551537	-113.914920513797782	1.681477922246241	0.261856091271775	0.261856091271775	1.000000000000000	0.933315566220124	0.000000000000000	16083	16087	16105	16112	16117	16124	16132	16135	16133	16139	16102	0	1	1	2	2	5	5	7	5	5	2	1	1	1	1	1	1	1	1	1	1	1
11500	-106.834486761811178	-109.051298594574632	2.216811832763451	0.093041263356343	0.093041263356343	1.000000000000000	0.990514907727214	0.000000000000000	16083	16089	16107	16112	16117	16124	16132	16135	16133	16139	16102	0	1	1	1	2	5	5	11	1	5	1	1	1	1	1	1	1	1	1	1	1	1
12000	-108.703500746860428	-110.104422447992931	1.400921701132506	0.176096536405216	0.176096536405216	1.000000000000000	0.904670200245012	0.000000000000000	16083	16089	16107	16112	16117	16124	16132	16135	16133	16139	16102	0	1	1	1	1	5	3	11	1	8	1	1	1	1	1	1	1	1	1	1	1	1
12500	-117.235815924799027	-116.360310992595927	-0.875504932203097	0.159860509154844	0.159860509154844	1.000000000000000	0.702492106658414	0.000000000000000	16083	16089	16107	16112	16117	16122	16132	16135	16133	16139	16102	0	1	1	1	3	2	5	1	6	9	1	1	1	1	1	1	2	1	1	1	1	1
13000	-105.395569743325481	-107.646901529016873	2.251331785691395	0.110329962819272	0.110329962819272	1.000000000000000	0.994321372781378	0.000000000000000	16083	16088	16107	16112	16117	16124	16132	16135	16133	16139	16102	0	1	1	1	4	5	5	6	5	9	1	1	1	1	1	1	1	1	1	1	1	1
13500	-108.525728047127529	-110.294294739575690	1.768566692448163	0.128597921851313	0.128597921851313	1.000000000000000	0.942390659209684	0.000000000000000	16083	16089	16107	16112	16117	16124	16132	16135	16133	16139	16102	0	1	1	2	3	1	6	6	6	9	1	1	1	1	1	1	1	1	1	1	1	1
14000	-104.961578157486812	-107.262082933776924	2.300504776290108	0.200477660059524	0.200477660059524	1.000000000000000	0.999768880411811	0.000000000000000	16083	16089	16107	16112	16117	16123	16132	16135	16133	16139	16102	0	1	1	1	1	5	6	5	6	9	1	1	1	1	1	1	1	1	1	1	1	1
14500	-112.375614875831616	-114.557408770643917	2.181793894812303	0.272660456000015	0.272660456000015	1.000000000000000	0.986668419076752	0.000000000000000	16083	16089	16107	16112	16117	16123	16132	16135	16133	16139	16102	0	1	2	3	1	5	3	11	1	2	1	1	1	1	1	1	1	1	1	1	1	1
15000	-112.287416250379238	-113.434495497595165	1.147079247215922	0.167348124001253	0.167348124001253	1.000000000000000	0.879510709195573	0.000000000000000	16083	16089	16107	16112	16117	16124	16132	16135	16133	16139	16102	0	1	1	1	1	4	5	11	6	6	1	1	1	1	1	1	1	2	1	1	1	1
15500	-111.478141498601460	-113.552455551867155	2.074314053265693	0.228232945218953	0.228232945218953	1.000000000000000	0.974955501162936	0.000000000000000	16083	16089	16107	16111	16117	16124	16132	16135	16133	16139	16100	0	1	2	2	1	3	6	6	1	6	2	1	1	1	1	1	1	1	1	1	1	1
16000	-107.748200020897244	-109.869015896632988	2.120815875735750	0.203625968722445	0.203625968722445	1.000000000000000	0.980006005088109	0.000000000000000	16083	16089	16107	16112	16117	16124	16132	16135	16133	16139	16102	0	1	1	3	1	5	6	6	5	9	2	1	1	1	1	1	1	1	1	1	1	1
16500	-108.164821367842876	-110.316514811492141	2.151693443649268	0.159469448073025	0.159469448073025	1.000000000000000	0.983374024017165	0.000000000000000	16083	16089	16107	16112	16117	16124	16132	16135	16133	16139	16100	0	1	1	1	2	5	2	6	6	5	1	1	1	1	1	1	1	1	1	1	1	1
17000	-113.906380754096460	-116.023022083261907	2.116641329165452	0.215706035625422	0.215706035625422	1.000000000000000	0.979551545971031	0.000000000000000	16083	16089	16107	16112	16117	16124	16132	16135	16133	16139	16102	0	1	1	1	1	2	2	6	1	6	1	1	1	1	1	1	1	2	1	1	1	1
17500	-104.931986518181745	-106.876334693748390	1.944348175566648	0.080301929567908	0.080301929567908	1.000000000000000	0.960977674379859	0.000000000000000	16083	16089	16106	16112	16117	16124	16132	16135	16133	16139	16101	0	1	1	1	1	1	5	6	5	6	1	1	1	1	1	1	1	1	1	1	1	1
18000	-116.260635237356524	-117.905999615099404	1.645364377742878	0.304346714787911	0.304346714787911	1.000000000000000	0.929578032851923	0.000000000000000	16083	16089	16107	16112	16117	16124	16132	16135	16133	16139	16099	0	1	2	2	4	2	4	7	4	6	2	1	1	1	1	1	1	1	1	1	1	1
18500	-104.687807508895261	-106.701526143991984	2.013718635096724	0.098746453118621	0.098746453118621	1.000000000000000	0.968413345436622	0.000000000000000	16083	16089	16107	16112	16117	16124	16132	16135	16133	16139	16099	0	1	1	1	1	5	6	6	5	1	1	1	1	1	1	1	1	1	1	1	1	1
19000	-109.428651195060667	-111.429596334491578	2.000945139430907	0.201894167332640	0.201894167332640	1.000000000000000	0.967039873261596	0.000000000000000	16083	16089	16107	16112	16117	16124	16132	16135	16133	16139	16102	0	1	1	1	2	3	5	1	1	9	1	1	1	1	1	1	1	1	1	1	1	1
19500	-105.606213386584415	-107.655218605274413	2.049005218689996	0.063180307172562	0.063180307172562	1.000000000000000	0.972217687183009	0.000000000000000	16083	16088	16107	16112	16117	16124	16132	16135	16133	16139	16102	0	1	1	1	1	5	5	5	1	1	1	1	1	1	1	1	1	1	1	1	1	1
20000	-109.141982767888877	-111.423520499910836	2.281537732021964	0.075443115112168	0.075443115112168	1.000000000000000	0.997664136720879	0.000000000000000	16083	16089	16107	16110	16117	16124	16132	16135	16133	16139	16100	0	1	2	2	1	1	5	5	6	6	1	1	1	1	1	1	1	1	1	1	1	1
20500	-114.931045964081846	-117.219205530508958	2.288159566427117	0.410662124995763	0.410662124995763	1.000000000000000	0.998398447570837	0.000000000000000	16083	16089	16107	16112	16117	16124	16132	16135	16133	16139	16102	0	1	1	3	4	3	4	1	5	9	2	1	1	1	1	1	1	1	1	1	1	1
21000	-107.802616656396921	-109.792919966906965	1.990303310510050	0.147714213268985	0.147714213268985	1.000000000000000	0.965897096475479	0.000000000000000	16083	16085	16107	16112	16117	16124	16132	16132	16133	16139	16102	0	1	1	1	2	1	1	5	1	6	1	1	1	1	1	1	1	1	1	1	1	1
21500	-113.449498170716922	-115.718404349801887	2.268906179084967	0.388940791259402	0.388940791259402	1.000000000000000	0.996264891391057	0.000000000000000	16083	16089	16106	16112	16117	16124	16130	16135	16133	16139	16102	0	1	2	1	4	5	6	5	5	7	2	1	1	1	1	1	1	1	1	1	1	1
22000	-109.096806895396412	-110.201707894997313	1.104900999600897	0.170018471855914	0.170018471855914	1.000000000000000	0.875398550206026	0.000000000000000	16083	16089	16107	16112	16117	16124	16131	16135	16132	16139	16102	0	1	1	2	1	5	1	11	6	6	1	1	1	1	1	1	1	1	1	1	1	1
22500	-106.246417027941604	-108.458266263272051	2.211849235330454	0.100685310683962	0.100685310683962	1.000000000000000	0.989968888640829	0.000000000000000	16083	16089	16107	16112	16117	16124	16132	16135	16133	16139	16099	0	1	1	1	1	5	5	7	1	9	1	1	1	1	1	1	1	1	1	1	1	1
23000	-111.709950770899837	-113.690959585432978	1.981008814533134	0.247418122143555	0.247418122143555	1.000000000000000	0.964900108405587	0.000000000000000	16083	16088	16107	16112	16117	16124	16132	16135	16133	16139	16102	0	1	2	3	4	5	1	1	5	7	1	1	1	1	1	1	1	1	1	1	1	1
23500	-109.249930573902034	-110.904789844655284	1.654859270753244	0.162827719920622	0.162827719920622	1.000000000000000	0.930559244118106	0.000000000000000	16083	16089	16107	16112	16117	16124	16132	16135	16133	16139	16102	0	1	1	1	1	1	1	1	1	4	1	1	1	1	1	1	1	1	1	1	1	1
24000	-109.426485304582343	-110.976003713511048	1.549518408928710	0.171356021398419	0.171356021398419	1.000000000000000	0.919730969640427	0.000000000000000	16083	16089	16107	16108	16117	16124	16132	16135	16133	16139	16098	0	1	2	1	4	5	1	5	5	5	1	1	1	1	1	1	1	1	1	1	1	1
24500	-108.450324869534043	-110.287628289230867	1.837303419696822	0.259365140540327	0.259365140540327	1.000000000000000	0.949615641927670	0.000000000000000	16083	16089	16107	16112	16117	16124	16132	16135	16133	16139	16102	0	1	1	3	1	5	5	5	6	8	1	1	1	1	1	1	1	1	1	1	1	1
25000	-106.882042367313801	-108.557224490028247	1.675182122714446	0.101623120597444	0.101623120597444	1.000000000000000	0.932662909223848	0.000000000000000	16083	16089	16107	16112	16117	16124	16132	16135	16133	16139	16102	0	1	1	1	4	5	5	5	5	6	1	1	1	1	1	1	1	1	1	1	1	1
25500	-109.621204550550658	-111.629405769496088	2.008201218945429	0.056422492487849	0.056422492487849	1.000000000000000	0.967819845217499	0.000000000000000	16083	16089	16107	16112	16117	16124	16132	16135	16133	16139	16102	0	1	1	1	1	5	5	6	5	6	1	1	1	1	1	2	1	1	1	1	1	1
26000	-109.649459903875936	-111.435253345579312	1.785793441703381	0.172851175595380	0.172851175595380	1.000000000000000	0.944196200813202	0.000000000000000	16083	16089	16107	16112	16117	16124	16132	16134	16133	16138	16102	0	1	1	1	1	4	1	5	6	2	1	1	1	1	1	1	1	1	1	1	1	1
26500	-113.538338489975928	-115.597257617079123	2.058919127103195	0.171102595313011	0.171102595313011	1.000000000000000	0.973289219146136	0.000000000000000	16083	16089	16107	16112	16117	16124	16132	16135	16132	16139	16102	0	1	1	1	1	5	6	1	2	3	1	1	1	1	2	1	1	1	1	1	1	1
27000	-110.720183397105842	-112.784212418406568	2.064029021300732	0.297941436289538	0.297941436289538	1.000000000000000	0.973841976597897	0.000000000000000	16083	16089	16107	16112	16117	16124	16132	16135	16133	16139	16102	0	1	2	1	1	1	6	3	6	9	1	1	1	1	1	1	1	1	1	1	1	1
27500	-106.132282163324220	-107.848915367240423	1.716633203916206	0.166815050688676	0.166815050688676	1.000000000000000	0.936968359253550	0.000000000000000	16083	16089	16107	16112	16117	16124	16132	16135	16133	16139	16102	0	1	1	1	1	5	1	6	5	5	1	1	1	1	1	1	1	1	1	1	1	1
28000	-108.305084272344743	-110.360615292775890	2.055531020431144	0.114740986349774	0.114740986349774	1.000000000000000	0.972922887249190	0.000000000000000	16083	16089	16104	16112	16117	16124	16132	16135	16133	16139	16102	0	1	1	1	2	3	5	6	6	6	1	1	1	1	1	1	1	1	1	1	1	1
28500	-107.230338876985726	-109.125938441035771	1.895599564050050	0.071966303702097	0.071966303702097	1.000000000000000	0.955786598354740	0.000000000000000	16083	16085	16107	16112	16117	16124	16132	16135	16133	16139	16102	0	1	1	1	1	5	4	5	6	9	1	1	1	1	1	1	1	1	1	1	1	1
29000	-111.294525557640341	-112.926977298882591	1.632451741242251	0.144360694317446	0.144360694317446	1.000000000000000	0.928245288789722	0.000000000000000	16083	16089	16107	16112	16117	16124	16131	16135	16133	16139	16102	0	1	1	1	4	3	6	1	6	1	2	1	1	1	1	1	1	1	1	1	1	1
29500	-109.252982702307463	-111.544295895367767	2.291313193060299	0.208675343507160	0.208675343507160	1.000000000000000	0.998748350641324	0.000000000000000	16083	16086	16107	16112	16117	16124	16132	16135	16133	16139	16102	0	1	1	3	4	5	3	6	1	6	1	1	1	1	1	1	1	1	1	1	1	1
30000	-109.864759486450907	-110.685146276573150	0.820386790122239	0.120583205874562	0.120583205874562	1.000000000000000	0.848157694215334	0.000000000000000	16083	16089	16107	16112	16117	16124	16132	16135	16133	16139	16102	0	1	1	3	4	5	6	6	6	8	1	1	1	1	1	1	1	1	1	1	1	1
30500	-112.595673363952869	-114.768722634786513	2.173049270833643	0.142187222069973	0.142187222069973	1.000000000000000	0.985710213069821	0.000000000000000	16083	16089	16107	16112	16117	16124	16132	16135	16133	16139	16102	0	1	1	1	4	5	3	5	1	6	1	1	1	1	1	1	1	1	1	2	1	1
31000	-112.757468974956680	-115.056830786855627	2.299361811898943	0.200166139881391	0.200166139881391	1.000000000000000	0.999641921781414	0.000000000000000	16083	16089	16107	16112	16117	16124	16132	16135	16133	16139	16099	0	1	2	2	4	2	6	1	5	2	1	1	1	1	1	1	1	1	1	1	1	1
31500	-112.182462645271727	-114.475381778857269	2.292919133585543	0.239587118522816	0.239587118522816	1.000000000000000	0.998926581036909	0.000000000000000	16083	16089	16107	16112	16117	16124	16132	16135	16133	16139	16102	0	1	2	3	1	3	6	4	2	6	1	1	1	1	1	1	1	1	1	1	1	1
32000	-109.825198352692539	-110.834951627029810	1.009753274337266	0.190495379175243	0.190495379175243	1.000000000000000	0.866192611649424	0.000000000000000	16083	16088	16107	16112	16117	16124	16132	16135	16131	16139	16102	0	1	1	3	3	5	6	5	5	9	1	1	1	1	1	1	1	1	1	1	1	1
32500	-107.924460869035457	-110.029590205144174	2.105129336108716	0.165881377578229	0.165881377578229	1.000000000000000	0.978299392452351	0.000000000000000	16083	16089	16107	16112	16117	16124	16132	16135	16133	16139	16102	0	1	1	2	1	5	3	5	6	8	1	1	1	1	1	1	1	1	1	1	1	1
33000	-106.820326684387354	-109.095871936969786	2.275545252582434	0.204271779819174	0.204271779819174	1.000000000000000	0.997000082060978	0.000000000000000	16083	16089	16107	16112	16117	16124	16132	16135	16132	16139	16102	0	1	1	1	2	1	6	6	6	6	1	1	1	1	1	1	1	1	1	1	1	1
33500	-112.162742431431013	-113.125216109192124	0.962473677761109	0.183713514248382	0.183713514248382	1.000000000000000	0.861654183230721	0.000000000000000	16083	16089	16107	16112	16113	16124	16132	16135	16133	16139	16102	0	1	1	1	3	5	3	11	5	6	2	1	1	1	1	1	1	1	1	1	1	1
34000	-110.912122220227346	-112.916227233233371	2.004105013006026	0.107435208730859	0.107435208730859	1.000000000000000	0.967379457731842	0.000000000000000	16083	16089	16107	16112	16117	16124	16130	16135	16133	16139	16102	0	1	2	1	1	5	6	5	5	8	1	1	1	2	1	1	1	1	1	1	1	1
34500	-114.531760979231024	-116.195564791147461	1.663803811916435	0.111471758207782	0.111471758207782	1.000000000000000	0.931484528885018	0.000000000000000	16083	16089	16107	16112	16117	16124	16132	16135	16133	16139	16102	0	1	1	2	1	1	1	4	4	3	1	1	1	1	1	1	1	1	1	1	1	1
35000	-111.482636935242240	-112.753786167603238	1.271149232361003	0.266878191684060	0.266878191684060	1.000000000000000	0.891719208607748	0.000000000000000	16083	16089	16107	16112	16117	16124	16132	16135	16133	16139	16102	0	1	1	1	1	5	4	11	6	6	2	1	1	1	1	1	1	1	1	1	1	1
35500	-110.724926103727384	-112.057686479228309	1.332760375500919	0.197078694669466	0.197078694669466	1.000000000000000	0.897844577496686	0.000000000000000	16083	16089	16107	16112	16117	16124	16132	16134	16133	16139	16102	0	1	1	1	1	1	1	1	1	1	2	1	1	1	1	1	1	1	1	1	1	1
36000	-106.155503997084395	-108.252730250351931	2.097226253267542	0.137452416415807	0.137452416415807	1.000000000000000	0.977440704951662	0.000000000000000	16083	16089	16107	16112	16117	16124	16132	16135	16132	16139	16102	0	1	1	1	1	5	5	11	6	8	2	1	1	1	1	1	1	1	1	1	1	1
36500	-111.168910670286621	-113.062813987939251	1.893903317652635	0.118981965602229	0.118981965602229	1.000000000000000	0.955606476487649	0.000000000000000	16083	16089	16107	16112	16117	16124	16132	16135	16133	16139	16102	0	1	2	1	1	2	3	5	5	5	1	1	1	1	1	1	1	1	1	1	1	1
37000	-107.904758842522611	-109.340482219605548	1.435723377082935	0.120040195806297	0.120040195806297	1.000000000000000	0.908175199107428	0.000000000000000	16083	16089	16107	16112	16117	16124	16132	16135	16124	16139	16102	0	1	1	1	2	5	1	6	5	9	1	1	1	1	1	1	1	1	1	1	1	1
37500	-110.391407873500270	-110.971821559538881	0.580413686038609	0.209529915361988	0.209529915361988	1.000000000000000	0.825841528031858	0.000000000000000	16083	16089	16107	16112	16117	16124	16132	16135	16133	16139	16102	0	1	1	1	3	5	5	11	5	5	1	1	1	1	1	1	1	1	1	1	1	1
38000	-111.480176067262576	-112.537872814041563	1.057696746778992	0.206411675740148	0.206411675740148	1.000000000000000	0.870819177199104	0.000000000000000	16083	16089	16107	16112	16117	16124	16132	16135	16133	16139	16102	0	1	1	2	1	5	3	1	1	9	1	1	1	1	1	1	1	1	1	1	1	1
38500	-108.885182560712579	-110.763668777061895	1.878486216349314	0.204594010012374	0.204594010012374	1.000000000000000	0.953970913106383	0.000000000000000	16083	16089	16107	16112	16117	16124	16132	16135	16133	16139	16102	0	1	1	1	1	3	6	11	6	9	2	1	1	1	1	1	1	1	1	1	1	1
39000	-110.956237235895287	-113.048316966110292	2.092079730215006	0.284073831654280	0.284073831654280	1.000000000000000	0.976881929050890	0.000000000000000	16083	16089	16107	16112	16117	16124	16132	16135	16133	16139	16102	0	1	1	1	4	4	5	1	5	9	2	1	1	1	1	1	1	1	1	1	1	1
39500	-105.144510986990269	-106.776746649811145	1.632235662820876	0.102790460177002	0.102790460177002	1.000000000000000	0.928223003082065	0.000000000000000	16083	16089	16107	16112	16117	16124	16132	16135	16133	16139	16102	0	1	1	1	1	5	5	11	6	9	1	1	1	1	1	1	1	1	1	1	1	1
40000	-107.800278037042020	-110.029670021620021	2.229391984578005	0.198209318470829	0.198209318470829	1.000000000000000	0.991900412261903	0.000000000000000	16083	16087	16107	16112	16117	16124	16132	16135	16133	16139	16102	0	1	1	3	1	5	5	3	5	8	1	1	1	1	1	1	1	1	1	1	1	1
40500	-110.301688437115715	-112.369323730209146	2.067635293093428	0.146915313514503	0.146915313514503	1.000000000000000	0.974232270215251	0.000000000000000	16083	16087	16107	16112	16117	16124	16132	16135	16132	16139	16102	0	1	1	1	2	4	1	5	4	9	1	1	1	1	1	1	1	1	1	1	1	1
41000	-106.503995372536920	-108.781308499283327	2.277313126746404	0.143114568199311	0.143114568199311	1.000000000000000	0.997195942484220	0.000000000000000	16083	16089	16107	16112	16117	16124	16132	16135	16133	16139	16102	0	1	1	1	1	4	6	11	6	1	1	1	1	1	1	1	1	1	1	1	1	1
41500	-117.908101097089116	-119.781772443850613	1.873671346761490	0.073838400029337	0.073838400029337	1.000000000000000	0.953460688984565	0.000000000000000	16083	16089	16107	16112	16117	16124	16132	16135	16133	16139	16102	0	1	1	1	1	5	1	5	2	9	1	1	1	1	1	2	1	1	1	1	2	1
42000	-109.018921641195604	-109.988691298985685	0.969769657790088	0.159089430418111	0.159089430418111	1.000000000000000	0.862352978849361	0.000000000000000	16083	16089	16106	16112	16117	16124	16132	16135	16133	16139	16102	0	1	1	1	1	5	5	2	5	8	1	1	1	1	1	1	1	1	1	1	1	1
42500	-103.671231278255931	-105.970317357615997	2.299086079360068	0.125233227706908	0.125233227706908	1.000000000000000	0.999611296272213	0.000000000000000	16083	16089	16107	16112	16117	16124	16132	16135	16133	16139	16102	0	1	1	1	1	5	5	5	6	9	1	1	1	1	1	1	1	1	1	1	1	1
43000	-107.711182130438672	-109.291280562322285	1.580098431883607	0.100128071967207	0.100128071967207	1.000000000000000	0.922861328560757	0.000000000000000	16083	16089	16107	16112	16117	16124	16132	16135	16133	16139	16102	0	1	2	1	1	1	6	11	6	9	1	1	1	1	1	1	1	1	1	1	1	1
43500	-109.034134512446769	-111.209173979900044	2.175039467453274	0.233329733569531	0.233329733569531	1.000000000000000	0.985928210186994	0.000000000000000	16083	16089	16107	16112	16114	16124	16132	16135	16133	16139	16098	0	1	1	1	4	1	3	6	5	5	1	1	1	1	1	1	1	1	1	1	1	1
44000	-105.775548821809124	-108.077005299857731	2.301456478048603	0.134415886120582	0.134415886120582	1.000000000000000	0.999874606201856	0.000000000000000	16083	16089	16107	16112	16117	16124	16132	16135	16133	16139	16102	0	1	1	1	1	1	6	6	7	9	1	1	1	1	1	1	1	1	1	1	1	1
44500	-109.606736587038768	-111.567627583152344	1.960890996113572	0.161964724153307	0.161964724153307	1.000000000000000	0.962745663324172	0.000000000000000	16083	16089	16107	16112	16117	16123	16132	16135	16133	16138	16102	0	1	1	3	4	5	5	5	1	9	2	1	1	1	1	1	1	1	1	1	1	1
45000	-110.030786764943571	-111.439607187061114	1.408820422117550	0.127566868640878	0.127566868640878	1.000000000000000	0.905464519588321	0.000000000000000	16083	16089	16107	16112	16115	16124	16132	16135	16133	16138	16101	0	1	1	3	1	1	6	2	5	6	1	1	1	1	1	1	1	1	1	1	1	1
45500	-111.245618629676173	-113.168393653126884	1.922775023450709	0.250586969240497	0.250586969240497	1.000000000000000	0.958676953187541	0.000000000000000	16083	16089	16107	16112	16117	16124	16132	16135	16133	16139	16102	0	1	1	3	2	1	6	11	1	6	2	1	1	1	1	1	1	1	1	1	1	1
46000	-105.558034895239274	-107.778955258565858	2.220920363326588	0.167392632448035	0.167392632448035	1.000000000000000	0.990967184371343	0.000000000000000	16083	16089	16107	16112	16117	16124	16132	16135	16133	16139	16102	0	1	1	3	1	5	6	6	6	8	1	1	1	1	1	1	1	1	1	1	1	1
46500	-106.693985214799383	-108.903497840531230	2.209512625731854	0.207891744308506	0.207891744308506	1.000000000000000	0.989711903023386	0.000000000000000	16083	16089	16107	16112	16117	16124	16132	16135	16133	16139	16102	0	1	2	1	1	5	6	6	5	6	1	1	1	1	1	1	1	1	1	1	1	1
47000	-109.618364232847043	-111.877284076935098	2.258919844088059	0.144727877989203	0.144727877989203	1.000000000000000	0.995160056135124	0.000000000000000	16083	16089	16107	16112	16117	16124	16132	16135	16133	16139	16102	0	1	2	2	4	5	1	11	5	6	1	1	1	1	1	1	1	1	1	1	1	1
47500	-104.597121530963435	-106.675219495494034	2.078097964530597	0.152180137325115	0.152180137325115	1.000000000000000	0.975365492355650	0.000000000000000	16083	16089	16107	16112	16117	16124	16132	16135	16133	16139	16102	0	1	1	1	1	5	6	6	5	5	1	1	1	1	1	1	1	1	1	1	1	1
48000	-112.834389244438668	-115.088878741991081	2.254489497552410	0.340263272778243	0.340263272778243	1.000000000000000	0.994670298477342	0.000000000000000	16083	16087	16107	16111	16117	16124	16132	16135	16133	16139	16102	0	1	1	1	4	3	6	11	2	8	2	1	1	1	1	1	1	1	1	1	1	1
48500	-104.183571027224289	-106.417119093027466	2.233548065803177	0.110408789411513	0.110408789411513	1.000000000000000	0.992358564558175	0.000000000000000	16083	16089	16107	16112	16117	16124	16132	16135	16133	16139	16102	0	1	1	1	1	5	5	11	5	5	1	1	1	1	1	1	1	1	1	1	1	1
49000	-106.037796811759165	-107.853265652217090	1.815468840457928	0.161558719172156	0.161558719172156	1.000000000000000	0.947314605622910	0.000000000000000	16083	16089	16107	16112	16117	16123	16130	16135	16133	16139	16102	0	1	1	1	1	1	1	5	6	8	1	1	1	1	1	1	1	1	1	1	1	1
49500	-104.103477996308300	-106.244950460741094	2.141472464432801	0.123788553458022	0.123788553458022	1.000000000000000	0.982257875093347	0.000000000000000	16083	16089	16107	16111	16117	16124	16132	16135	16133	16139	16102	0	1	1	1	1	5	5	6	5	6	1	1	1	1	1	1	1	1	1	1	1	1
50000	-110.298818899833506	-111.355286949461942	1.056468049628436	0.105692434955200	0.105692434955200	1.000000000000000	0.870700299420479	0.000000000000000	16083	16089	16107	16112	16117	16124	16132	16135	16133	16139	16102	0	1	2	1	1	5	5	5	6	9	2	1	1	1	1	1	1	1	1	1	1	1
50500	-107.259755975648801	-109.148992877002456	1.889236901353661	0.130027042917002	0.130027042917002	1.000000000000000	0.955111131843732	0.000000000000000	16083	16089	16104	16112	16117	16124	16132	16135	16133	16139	16102	0	1	1	2	1	1	5	1	6	9	1	1	1	1	1	1	1	1	1	1	1	1
51000	-111.817785371178104	-111.645236511617526	-0.172548859560578	0.212519686185082	0.212519686185082	1.000000000000000	0.759560818128397	0.000000000000000	16083	16089	16107	16112	16117	16124	16132	16135	16133	16139	16102	0	1	1	1	1	4	5	6	6	8	1	1	1	1	1	1	1	1	1	1	1	1
51500	-112.756380656406975	-114.919764274004024	2.163383617597042	0.210714308835522	0.210714308835522	1.000000000000000	0.984652166531979	0.000000000000000	16083	16088	16107	16112	16117	16124	16132	16135	16133	16139	16102	0	1	1	1	1	3	3	3	6	4	2	1	1	1	1	1	1	1	1	1	1	1
52000	-108.623826578304829	-110.344030181714103	1.720203603409274	0.123334087649295	0.123334087649295	1.000000000000000	0.937340138699282	0.000000000000000	16083	16089	16107	16112	16117	16124	16132	16135	16133	16139	16102	0	1	1	3	3	5	5	1	6	9	1	1	1	1	1	1	1	1	1	1	1	1
52500	-109.479464039486203	-111.324892209760790	1.845428170274594	0.169662426017653	0.169662426017653	1.000000000000000	0.950473294574128	0.000000000000000	16083	16089	16107	16112	16117	16124	16132	16135	16133	16139	16102	0	1	2	1	1	1	1	6	6	3	1	1	1	1	1	1	1	1	1	1	1	1
53000	-110.844186236839235	-112.658860852766651	1.814674615927420	0.164496808336750	0.164496808336750	1.000000000000000	0.947231011478339	0.000000000000000	16083	16089	16105	16112	16117	16124	16132	16135	16133	16139	16102	0	1	2	1	3	1	5	5	5	2	1	1	1	1	1	1	1	1	1	1	1	1
53500	-113.034839687116900	-114.530566673224484	1.495726986107584	0.048467621333026	0.048467621333026	1.000000000000000	0.914250293645705	0.000000000000000	16083	16089	16107	16112	16117	16124	16129	16135	16133	16139	16102	0	1	1	1	1	1	6	5	6	4	1	1	1	1	1	1	1	1	1	1	2	1
54000	-104.509113846792729	-106.406908703049055	1.897794856256323	0.102972885660718	0.102972885660718	1.000000000000000	0.956019763553929	0.000000000000000	16083	16089	16107	16112	16117	16124	16132	16135	16133	16139	16102	0	1	1	1	1	5	6	5	6	5	1	1	1	1	1	1	1	1	1	1	1	1
54500	-106.276903162211980	-108.356695941866207	2.079792779654232	0.149484618915511	0.149484618915511	1.000000000000000	0.975549183449411	0.000000000000000	16083	16089	16107	16112	16117	16124	16132	16135	16133	16138	16102	0	1	1	1	1	3	5	5	6	8	1	1	1	1	1	1	1	1	1	1	1	1
55000	-108.249225349008654	-109.981789096493998	1.732563747485349	0.056873688185671	0.056873688185671	1.000000000000000	0.938628318519780	0.000000000000000	16083	16089	16107	16112	16117	16124	16132	16135	16133	16139	16102	0	1	2	1	1	5	5	5	6	5	1	1	1	1	1	1	1	1	1	1	1	1
55500	-113.732494648804817	-115.351188345091444	1.618693696286631	0.226781657979970	0.226781657979970	1.000000000000000	0.926827390548157	0.000000000000000	16083	16089	16107	16112	16117	16124	16132	16135	16133	16139	16102	0	1	2	1	3	5	5	2	2	7	1	1	1	1	1	1	1	1	1	1	1	1
56000	-110.379395151381232	-112.384368129961231	2.004972978580003	0.206714433833701	0.206714433833701	1.000000000000000	0.967472756904716	0.000000000000000	16083	16089	16107	16112	16117	16120	16132	16135	16131	16139	16102	0	1	2	1	1	5	6	7	3	1	1	1	1	1	1	1	1	1	1	1	1	1
56500	-110.286349944624789	-112.133007687514066	1.846657742889274	0.176849971378810	0.176849971378810	1.000000000000000	0.950603156326284	0.000000000000000	16083	16089	16107	16111	16117	16124	16132	16135	16133	16139	16102	0	1	1	3	2	1	6	6	4	5	1	1	1	1	1	1	1	1	1	1	1	1
57000	-109.148582502810186	-111.438199955612689	2.289617452802510	0.119449324764618	0.119449324764618	1.000000000000000	0.998560188614256	0.000000000000000	16083	16089	16107	16112	16117	16124	16132	16135	16133	16139	16102	0	1	1	3	1	4	6	6	6	9	2	1	1	1	1	1	1	1	1	1	1	1
57500	-113.866135331197256	-114.807331319483126	0.941195988285875	0.203690671203811	0.203690671203811	1.000000000000000	0.859619477153586	0.000000000000000	16083	16089	16107	16112	16117	16124	16132	16135	16132	16139	16102	0	1	2	3	2	4	1	6	1	8	1	1	1	1	1	1	1	1	1	1	1	1
58000	-111.507725136885014	-113.481182992914455	1.973457856029438	0.183622899188964	0.183622899188964	1.000000000000000	0.964090901171537	0.000000000000000	16083	16089	16107	16112	16116	16124	16132	16135	16133	16139	16102	0	1	2	1	4	3	2	11	6	9	1	1	1	1	1	1	1	1	1	1	1	1
58500	-107.933822085380868	-110.049188918261393	2.115366832880529	0.169523801404497	0.169523801404497	1.000000000000000	0.979412840813860	0.000000000000000	16083	16088	16107	16112	16117	16124	16132	16135	16133	16139	16102	0	1	2	3	1	5	5	1	6	8	1	1	1	1	1	1	1	1	1	1	1	1
59000	-105.403168308785567	-107.031683060444180	1.628514751658614	0.142696795012457	0.142696795012457	1.000000000000000	0.927839322919382	0.000000000000000	16083	16089	16107	16112	16117	16124	16132	16135	16133	16139	16102	0	1	1	1	1	5	6	5	6	5	1	1	1	1	1	1	1	1	1	1	1	1
59500	-108.583107113484218	-110.771691527300675	2.188584413816463	0.201939428571676	0.201939428571676	1.000000000000000	0.987413143395074	0.000000000000000	16083	16089	16107	16112	16117	16124	16132	16135	16133	16139	16102	0	1	1	3	1	5	5	1	3	5	1	1	1	1	1	1	1	1	1	1	1	1
60000	-110.104198230749546	-111.942448567499781	1.838250336750233	0.184854142419812	0.184854142419812	1.000000000000000	0.949715559100041	0.000000000000000	16083	16089	16107	16112	16117	16124	16132	16135	16133	16139	16102	0	1	1	2	2	5	6	5	6	4	1	1	1	1	1	1	1	1	1	1	1	1
60500	-111.234296101537879	-112.627306775676487	1.393010674138603	0.268809473296460	0.268809473296460	1.000000000000000	0.903875341818248	0.000000000000000	16083	16088	16107	16112	16117	16124	16132	16135	16133	16139	16102	0	1	2	1	1	5	5	11	4	8	1	1	1	1	1	1	1	1	1	1	1	1
61000	-106.719701370262086	-108.999971605768394	2.280270235506311	0.128712325439413	0.128712325439413	1.000000000000000	0.997523642634533	0.000000000000000	16083	16089	16107	16112	16117	16124	16132	16135	16133	16138	16102	0	1	1	2	1	5	5	1	1	5	1	1	1	1	1	1	1	1	1	1	1	1
61500	-107.946737996479570	-110.128759753453124	2.182021756973549	0.157911120462610	0.157911120462610	1.000000000000000	0.986693399881695	0.000000000000000	16083	16089	16107	16112	16117	16124	16129	16135	16133	16139	16102	0	1	1	3	2	1	5	11	6	9	1	1	1	1	1	1	1	1	1	1	1	1
62000	-110.334013173756574	-111.641990691972524	1.307977518215944	0.255439106202905	0.255439106202905	1.000000000000000	0.895375627921694	0.000000000000000	16083	16089	16107	16112	16117	16124	16132	16135	16133	16139	16102	0	1	1	1	1	5	1	4	5	8	1	1	1	1	1	1	1	1	1	1	1	1
62500	-109.167714036683307	-110.966553071780908	1.798839035097596	0.129483440794638	0.129483440794638	1.000000000000000	0.945565815399804	0.000000000000000	16083	16089	16107	16112	16117	16124	16132	16135	16133	16139	16102	0	1	1	1	3	5	6	1	6	1	2	1	1	1	1	1	1	1	1	1	1	1
63000	-106.598705318835940	-108.846848897900799	2.248143579064863	0.162941439456988	0.162941439456988	1.000000000000000	0.993969201608131	0.000000000000000	16083	16089	16107	16112	16117	16124	16128	16135	16133	16139	16102	0	1	1	1	1	4	6	11	1	8	1	1	1	1	1	1	1	1	1	1	1	1
63500	-107.092421350744630	-109.353691919750361	2.261270569005728	0.150895507102949	0.150895507102949	1.000000000000000	0.995420017588086	0.000000000000000	16083	16089	16107	16112	16117	16124	16132	16133	16133	16139	16102	0	1	1	1	1	1	1	1	5	8	2	1	1	1	1	1	1	1	1	1	1	1
64000	-117.109851395078479	-117.572770928420994	0.462919533342517	0.286356922956009	0.286356922956009	1.000000000000000	0.815130313705560	0.000000000000000	16083	16089	16107	16112	16117	16124	16132	16135	16133	16139	16102	0	1	1	1	3	1	6	6	4	3	1	1	1	1	1	1	1	1	1	1	2	1
64500	-110.057784363722007	-112.129441520975845	2.071657157253843	0.212032945948449	0.212032945948449	1.000000000000000	0.974667726377367	0.000000000000000	16083	16089	16107	16112	16117	16124	16132	16135	16133	16139	16102	0	1	1	1	4	3	5	5	2	6	1	1	1	1	1	1	1	1	1	1	1	1
65000	-110.079770364730550	-111.974305546832895	1.894535182102352	0.198217614301356	0.198217614301356	1.000000000000000	0.955673569260641	0.000000000000000	16083	16089	16107	16112	16115	16124	16132	16135	16133	16139	16102	0	1	1	1	4	5	4	11	4	9	1	1	1	1	1	1	1	1	1	1	1	1
65500	-104.774255726053553	-106.904087509467786	2.129831783414225	0.132146978601868	0.132146978601868	1.000000000000000	0.980988235174202	0.000000000000000	16083	16089	16107	16112	16117	16123	16132	16135	16133	16139	16102	0	1	1	1	1	1	6	6	6	11	1	1	1	1	1	1	1	1	1	1	1	1
66000	-108.706111870251632	-110.953828238800284	2.247716368548657	0.188739389658108	0.188739389658108	1.000000000000000	0.993922021161726	0.000000000000000	16083	16089	16107	16112	16117	16124	16132	16134	16133	16139	16102	0	1	1	1	1	4	6	11	4	1	1	1	1	1	1	1	1	1	1	1	1	1
66500	-107.068424517307847	-108.983675934323713	1.915251417015862	0.110188247166247	0.110188247166247	1.000000000000000	0.957875876056479	0.000000000000000	16083	16089	16107	16112	16117	16124	16132	16135	16133	16139	16102	0	1	1	1	4	1	6	6	5	1	1	1	1	1	1	1	1	1	1	1	1	1
67000	-113.103212924279816	-114.165287150497761	1.062074226217945	0.180281247963148	0.180281247963148	1.000000000000000	0.871242835004074	0.000000000000000	16083	16088	16107	16112	16117	16124	16132	16135	16133	16138	16102	0	1	1	1	1	3	6	6	4	1	1	1	1	1	1	1	1	1	1	1	2	1
67500	-110.109479609645277	-112.281398735826201	2.171919126180919	0.118286740909746	0.118286740909746	1.000000000000000	0.985586443604679	0.000000000000000	16083	16089	16107	16112	16117	16124	16132	16135	16133	16139	16102	0	1	2	1	3	1	4	5	5	9	1	1	1	1	1	1	1	1	1	1	1	1
68000	-107.227285510257261	-108.928226221082653	1.700940710825399	0.147892661522946	0.147892661522946	1.000000000000000	0.935336074978304	0.000000000000000	16083	16087	16105	16112	16117	16124	16132	16135	16133	16139	16102	0	1	1	1	3	1	6	5	6	5	1	1	1	1	1	1	1	1	1	1	1	1
68500	-104.087595192786779	-106.261584683044148	2.173989490257372	0.083945624681255	0.083945624681255	1.000000000000000	0.985813194436509	0.000000000000000	16083	16089	16107	16112	16117	16124	16132	16135	16133	16139	16102	0	1	1	1	1	5	6	11	6	6	1	1	1	1	1	1	1	1	1	1	1	1
69000	-106.131838083356811	-108.410746484901736	2.278908401544924	0.163882864440987	0.163882864440987	1.000000000000000	0.997372713878835	0.000000000000000	16083	16089	16107	16112	16117	16124	16132	16135	16133	16139	16101	0	1	1	1	1	2	6	6	5	8	1	1	1	1	1	1	1	1	1	1	1	1
69500	-106.360601545217563	-108.507559445972802	2.146957900755245	0.156751978148744	0.156751978148744	1.000000000000000	0.982856736800911	0.000000000000000	16083	16089	16107	16112	16117	16124	16132	16135	16133	16139	16102	0	1	1	1	4	5	5	1	5	6	1	1	1	1	1	1	1	1	1	1	1	1
70000	-112.453636527889614	-114.074265356161419	1.620628828271812	0.112724967796625	0.112724967796625	1.000000000000000	0.927026693454823	0.000000000000000	16083	16089	16107	16112	16117	16124	16132	16135	16133	16139	16101	0	1	2	3	3	5	6	6	6	6	2	1	1	1	1	1	1	1	1	1	1	1
70500	-109.665282301208634	-110.975004770932614	1.309722469723978	0.203985905547537	0.203985905547537	1.000000000000000	0.895549243313085	0.000000000000000	16083	16089	16107	16112	16117	16124	16132	16135	16133	16139	16102	0	1	1	1	3	5	6	4	5	8	1	1	1	1	1	1	1	1	1	1	1	1
71000	-110.511623415048632	-112.090575858981055	1.578952443932423	0.285357298159888	0.285357298159888	1.000000000000000	0.922743826268134	0.000000000000000	16083	16089	16107	16112	16117	16124	16132	16135	16133	16139	16102	0	1	1	2	4	5	6	6	6	6	1	1	1	1	1	1	1	1	1	1	1	1
71500	-106.983226133714822	-109.109834398353399	2.126608264638581	0.059628621077709	0.059628621077709	1.000000000000000	0.980636938756905	0.000000000000000	16083	16088	16107	16112	16117	16124	16132	16135	16133	16139	16102	0	1	1	2	1	5	6	5	6	8	1	1	1	1	1	1	1	1	1	1	1	1
72000	-110.602972428899406	-111.706377428813397	1.103404999913994	0.159503954405317	0.159503954405317	1.000000000000000	0.875253051637014	0.000000000000000	16083	16089	16107	16112	16117	16124	16132	16135	16133	16139	16102	0	1	1	1	4	5	4	1	1	8	1	1	1	1	1	1	1	1	1	1	1	1
72500	-106.398116987775992	-108.658012498532273	2.259895510756279	0.155529076113179	0.155529076113179	1.000000000000000	0.995267944704791	0.000000000000000	16083	16089	16107	16112	16117	16124	16132	16135	16133	16139	16102	0	1	1	1	1	1	4	5	5	8	1	1	1	1	1	1	1	1	1	1	1	1
73000	-108.340528044616818	-109.462050084103169	1.121522039486345	0.128381058099107	0.128381058099107	1.000000000000000	0.877016714413288	0.000000000000000	16083	16089	16107	16112	16117	16124	16131	16135	16133	16139	16102	0	1	1	1	1	5	3	6	6	5	1	1	1	1	1	1	1	1	1	1	1	1
73500	-106.789130636914564	-108.955464781789615	2.166334144875047	0.119175039195927	0.119175039195927	1.000000000000000	0.984975024237635	0.000000000000000	16083	16089	16107	16112	16117	16124	16130	16135	16133	16139	16102	0	1	1	1	1	1	2	5	6	6	1	1	1	1	1	1	1	1	1	1	1	1
74000	-110.152005881847458	-112.299998683098266	2.147992801250811	0.230085902101114	0.230085902101114	1.000000000000000	0.982969760957271	0.000000000000000	16083	16089	16107	16112	16117	16124	16132	16135	16132	16139	16102	0	1	1	3	3	5	5	2	6	1	1	1	1	1	1	1	1	1	1	1	1	1
74500	-108.935039822454328	-110.916108389431656	1.981068566977332	0.192628288415151	0.192628288415151	1.000000000000000	0.964906514553506	0.000000000000000	16083	16089	16107	16112	16117	16124	16132	16135	16133	16139	16102	0	1	1	1	1	1	2	7	6	8	1	1	1	1	1	1	1	1	1	1	1	1
75000	-109.835441560680238	-112.039003967851357	2.203562407171119	0.195130486230190	0.195130486230190	1.000000000000000	0.989057785706695	0.000000000000000	16083	16089	16107	16112	16117	16124	16132	16135	16133	16139	16101	0	1	1	3	1	4	1	11	5	7	1	1	1	1	1	1	1	1	1	1	1	1
75500	-119.235802097461814	-118.702760978370378	-0.533041119091431	0.219286547418012	0.219286547418012	1.000000000000000	0.729738097967462	0.000000000000000	16083	16089	16107	16110	16117	16124	16132	16135	16133	16139	16102	0	1	1	1	2	4	2	7	6	7	2	1	1	1	1	1	1	1	1	1	1	1
76000	-107.731885405330090	-109.543470972977943	1.811585567647858	0.173032362860832	0.173032362860832	1.000000000000000	0.946905951452274	0.000000000000000	16083	16089	16107	16112	16117	16124	16132	16135	16133	16139	16102	0	1	1	1	4	1	5	11	1	8	1	1	1	1	1	1	1	1	1	1	1	1
76500	-114.640196854666655	-116.753937446696895	2.113740592030239	0.149223829761767	0.149223829761767	1.000000000000000	0.979235883338420	0.000000000000000	16083	16088	16107	16112	16117	16124	16132	16135	16133	16139	16102	0	1	1	1	2	2	5	5	1	1	1	1	1	1	1	1	1	2	1	1	1	1
77000	-109.638759397657438	-111.800310309370204	2.161550911712760	0.160576141615620	0.160576141615620	1.000000000000000	0.984451678299161	0.000000000000000	16083	16089	16107	16112	16117	16124	16132	16135	16133	16139	16102	0	1	1	2	4	5	6	3	6	1	1	1	1	1	1	1	1	1	1	1	1	1
77500	-108.693040750436793	-110.721717575512557	2.028676825075763	0.109413205821162	0.109413205821162	1.000000000000000	0.970024207131025	0.000000000000000	16083	16088	16105	16112	16117	16124	16132	16135	16133	16139	16102	0	1	1	2	3	5	1	11	5	9	1	1	1	1	1	1	1	1	1	1	1	1
78000	-109.202102283612049	-111.097385032544338	1.895282748932294	0.225096931515118	0.225096931515118	1.000000000000000	0.955752953653174	0.000000000000000	16083	16089	16107	16112	16117	16124	16132	16135	16133	16139	16102	0	1	2	1	1	1	5	6	6	9	2	1	1	1	1	1	1	1	1	1	1	1
78500	-105.755697484707341	-108.052366111361778	2.296668626654436	0.117521561639574	0.117521561639574	1.000000000000000	0.999342830881431	0.000000000000000	16083	16089	16107	16112	16117	16124	16132	16135	16133	16139	16102	0	1	1	1	3	1	6	5	5	9	1	1	1	1	1	1	1	1	1	1	1	1
79000	-113.158909688147062	-114.499077429884977	1.340167741737915	0.132105163591790	0.132105163591790	1.000000000000000	0.898583844301555	0.000000000000000	16083	16089	16106	16112	16117	16124	16132	16135	16133	16139	16102	0	1	1	1	1	2	1	11	5	6	2	1	1	1	1	1	1	2	1	1	1	1
79500	-108.459835436064623	-110.629100733352800	2.169265297288179	0.196759385290175	0.196759385290175	1.000000000000000	0.985295866694603	0.000000000000000	16083	16089	16107	16112	16117	16124	16132	16135	16133	16139	16102	0	1	1	1	1	5	1	11	7	9	2	1	1	1	1	1	1	1	1	1	1	1
80000	-107.313028103232696	-109.584605865549960	2.271577762317261	0.179955460962787	0.179955460962787	1.000000000000000	0.996560669130684	0.000000000000000	16083	16089	16106	16112	16117	16124	16132	16135	16133	16139	16102	0	1	1	3	3	1	6	6	6	9	1	1	1	1	1	1	1	1	1	1	1	1
80500	-109.969339543917101	-111.557150187709141	1.587810643792040	0.120610520522707	0.120610520522707	1.000000000000000	0.923652478833149	0.000000000000000	16083	16089	16107	16112	16117	16124	16132	16135	16133	16139	16099	0	1	1	1	1	4	1	11	4	9	1	1	1	1	1	1	1	1	1	1	1	1
81000	-110.093973841962352	-111.342693284098004	1.248719442135648	0.117735850371332	0.117735850371332	1.000000000000000	0.889499633924160	0.000000000000000	16083	16089	16107	16112	16117	16124	16132	16134	16133	16139	16102	0	1	1	1	4	1	4	5	6	6	1	1	1	1	1	1	1	1	1	1	1	1
81500	-113.789415554883391	-115.114750856209440	1.325335301326050	0.051991204188715	0.051991204188715	1.000000000000000	0.897104153790355	0.000000000000000	16083	16089	16107	16112	16117	16124	16130	16135	16133	16139	16102	0	1	1	2	1	5	5	11	1	9	1	1	1	1	1	1	1	2	1	1	1	1
82000	-106.486920211535406	-108.443030653651988	1.956110442116583	0.168999313100154	0.168999313100154	1.000000000000000	0.962234414935790	0.000000000000000	16083	16088	16107	16112	16117	16124	16132	16135	16133	16138	16102	0	1	1	1	2	5	5	6	6	9	1	1	1	1	1	1	1	1	1	1	1	1
82500	-106.290893741154775	-107.877504114580745	1.586610373425970	0.102841804098886	0.102841804098886	1.000000000000000	0.923529305635741	0.000000000000000	16083	16089	16107	16112	16117	16124	16132	16135	16133	16139	16102	0	1	1	1	1	5	6	11	1	1	1	1	1	1	1	1	1	1	1	1	1	1
83000	-109.155070655086291	-110.918344533783582	1.763273878697292	0.157615602291982	0.157615602291982	1.000000000000000	0.941836611225279	0.000000000000000	16083	16089	16107	16112	16117	16124	16132	16135	16133	16139	16102	0	1	1	1	2	5	5	3	1	9	1	1	1	1	1	1	1	1	1	1	1	1
83500	-106.255436039835459	-108.439924326617614	2.184488286782152	0.105875851300593	0.105875851300593	1.000000000000000	0.986963849015356	0.000000000000000	16083	16089	16107	16112	16117	16124	16132	16135	16133	16139	16102	0	1	1	1	2	5	6	5	1	8	1	1	1	1	1	1	1	1	1	1	1	1
84000	-111.514869498509171	-113.801962989017497	2.287093490508324	0.300410023271662	0.300410023271662	1.000000000000000	0.998280191403498	0.000000000000000	16083	16089	16107	16112	16117	16124	16132	16135	16133	16139	16102	0	1	1	1	2	2	5	1	6	6	2	1	1	1	1	1	1	1	1	1	1	1
84500	-106.678860949197812	-108.889886209373799	2.211025260175985	0.116000744194106	0.116000744194106	1.000000000000000	0.989878258370960	0.000000000000000	16083	16089	16107	16112	16117	16124	16132	16135	16133	16139	16102	0	1	1	1	1	5	1	1	5	9	2	1	1	1	1	1	1	1	1	1	1	1
85000	-108.343321884343553	-110.541099448919937	2.197777564576391	0.121842413989069	0.121842413989069	1.000000000000000	0.988422262905495	0.000000000000000	16083	16089	16107	16112	16117	16124	16132	16135	16133	16139	16102	0	1	1	1	1	5	5	3	5	3	1	1	1	1	1	1	1	1	1	1	1	1
85500	-106.695476018469549	-108.559790998408033	1.864314979938479	0.137034241992410	0.137034241992410	1.000000000000000	0.952469989819895	0.000000000000000	16083	16089	16107	16112	16117	16124	16132	16135	16133	16139	16102	0	1	1	2	1	5	6	11	6	6	1	1	1	1	1	1	1	1	1	1	1	1
86000	-111.486838342812177	-112.983179198294508	1.496340855482331	0.280620305581366	0.280620305581366	1.000000000000000	0.914312654689780	0.000000000000000	16083	16089	16106	16112	16117	16122	16132	16135	16133	16139	16102	0	1	1	3	1	1	1	6	6	8	2	1	1	1	1	1	1	1	1	1	1	1
86500	-106.538577420587941	-108.814676938947230	2.276099518359288	0.142164740747835	0.142164740747835	1.000000000000000	0.997061484287801	0.000000000000000	16083	16089	16106	16112	16117	16117	16132	16135	16133	16139	16102	0	1	2	1	1	1	6	11	6	5	1	1	1	1	1	1	1	1	1	1	1	1
87000	-110.526639109721856	-112.068647517721459	1.542008407999604	0.221043201606348	0.221043201606348	1.000000000000000	0.918963825261715	0.000000000000000	16083	16089	16107	16112	16117	16124	16132	16135	16133	16139	16102	0	1	1	3	3	2	6	6	6	9	1	1	1	1	1	1	1	1	1	1	1	1
87500	-105.883278143443604	-107.464580131164212	1.581301987720614	0.070735287746689	0.070735287746689	1.000000000000000	0.922984749606217	0.000000000000000	16083	16089	16107	16112	16117	16124	16132	16135	16133	16139	16102	0	1	1	1	1	5	1	11	6	8	1	1	1	1	1	1	1	1	1	1	1	1
88000	-108.775483960170931	-111.034582553039499	2.259098592868575	0.174769700468375	0.174769700468375	1.000000000000000	0.995179821181006	0.000000000000000	16083	16089	16107	16112	16117	16124	16132	16135	16133	16139	16102	0	1	1	3	1	3	1	11	5	1	1	1	1	1	1	1	1	1	1	1	1	1
88500	-107.507071683755612	-109.455380651270730	1.948308967515112	0.166231178268129	0.166231178268129	1.000000000000000	0.961400682190621	0.000000000000000	16083	16089	16107	16112	16117	16124	16132	16135	16133	16137	16102	0	1	1	1	1	1	5	6	6	1	2	1	1	1	1	1	1	1	1	1	1	1
89000	-107.303318674915943	-109.323363313544561	2.020044638628625	0.197315841390223	0.197315841390223	1.000000000000000	0.969094272077003	0.000000000000000	16083	16089	16107	16112	16117	16124	16132	16135	16133	16139	16102	0	1	1	1	4	5	6	11	1	6	1	1	1	1	1	1	1	1	1	1	1	1
89500	-106.423557344819770	-108.483570935475754	2.060013590655978	0.210792280673757	0.210792280673757	1.000000000000000	0.973407585184916	0.000000000000000	16083	16086	16107	16111	16117	16124	16131	16135	16133	16139	16102	0	1	1	1	1	5	5	1	5	6	1	1	1	1	1	1	1	1	1	1	1	1
90000	-113.864266717240824	-115.705652605271496	1.841385888030671	0.176621343575807	0.176621343575807	1.000000000000000	0.950046492504107	0.000000000000000	16083	16089	16107	16112	16117	16124	16132	16135	16133	16139	16102	0	1	1	3	1	4	3	5	6	8	1	1	1	1	1	1	1	2	1	1	1	1
90500	-106.992721558579120	-109.143259976771873	2.150538418192750	0.170282060600910	0.170282060600910	1.000000000000000	0.983247829667097	0.000000000000000	16083	16089	16107	16112	16117	16124	16132	16135	16133	16137	16102	0	1	1	1	3	1	5	6	1	5	1	1	1	1	1	1	1	1	1	1	1	1
91000	-110.616938635226930	-112.704466422475761	2.087527787248826	0.225916498811563	0.225916498811563	1.000000000000000	0.976387974994710	0.000000000000000	16083	16089	16107	16112	16117	16124	16132	16135	16133	16139	16102	0	1	1	1	4	1	5	2	4	5	1	1	1	1	1	1	1	1	1	1	1	1
91500	-110.241037563543713	-112.503074476695417	2.262036913151707	0.118433825498232	0.118433825498232	1.000000000000000	0.995504780563821	0.000000000000000	16083	16089	16107	16111	16117	16124	16129	16135	16133	16139	16102	0	1	1	3	1	5	3	6	1	4	1	1	1	1	1	1	1	1	1	1	1	1
92000	-111.708921803129343	-113.960125580236792	2.251203777107452	0.123030479123532	0.123030479123532	1.000000000000000	0.994307230474073	0.000000000000000	16083	16089	16107	16112	16117	16124	16126	16135	16133	16139	16102	0	1	2	2	3	5	5	5	6	2	1	1	1	1	1	1	1	1	1	1	1	1
92500	-108.022786605742652	-109.626574008682553	1.603787402939906	0.080464019499723	0.080464019499723	1.000000000000000	0.925293598744333	0.000000000000000	16083	16088	16107	16112	16117	16124	16132	16135	16133	16139	16102	0	1	1	1	1	2	5	6	6	5	1	1	1	1	1	1	1	1	1	1	1	1
93000	-108.287725758255803	-110.347301198148060	2.059575439892252	0.108823766800015	0.108823766800015	1.000000000000000	0.973360197529881	0.000000000000000	16083	16089	16107	16112	16117	16124	16132	16135	16133	16139	16102	0	1	2	1	4	1	6	6	5	6	1	1	1	1	1	1	1	1	1	1	1	1
93500	-113.316435735035370	-115.508326304387239	2.191890569351867	0.129641419048044	0.129641419048044	1.000000000000000	0.987775936852724	0.000000000000000	16083	16089	16107	16111	16115	16124	16132	16135	16133	16139	16102	0	1	1	2	2	5	5	11	5	8	1	1	1	2	1	1	1	1	1	1	1	1
94000	-117.604693359250163	-119.037767965451692	1.433074606201534	0.312746676991533	0.312746676991533	1.000000000000000	0.907907955321710	0.000000000000000	16083	16089	16107	16112	16117	16124	16132	16135	16133	16139	16101	0	1	1	2	4	1	4	4	5	5	2	1	1	1	1	1	2	1	1	1	1	1
94500	-111.066836790592248	-112.980856752119053	1.914019961526811	0.252294277570445	0.252294277570445	1.000000000000000	0.957744820411039	0.000000000000000	16083	16089	16107	16112	16115	16124	16132	16135	16133	16139	16102	0	1	1	3	2	1	5	5	5	4	1	1	1	1	1	1	1	1	1	1	1	1
95000	-107.951807643939475	-110.183060725637674	2.231253081698195	0.112646261727883	0.112646261727883	1.000000000000000	0.992105547137699	0.000000000000000	16083	16089	16105	16112	16117	16124	16132	16135	16133	16139	16102	0	1	1	1	4	2	6	5	5	6	1	1	1	1	1	1	1	1	1	1	1	1
95500	-115.158200875152318	-116.582501147340949	1.424300272188629	0.299089313785776	0.299089313785776	1.000000000000000	0.907023243583472	0.000000000000000	16083	16089	16107	16112	16117	16124	16132	16134	16133	16139	16100	0	1	1	2	1	2	5	11	3	4	2	1	1	1	1	1	1	1	1	1	1	1
96000	-107.290621732147457	-109.128114796542917	1.837493064395456	0.116532266259126	0.116532266259126	1.000000000000000	0.949635652090963	0.000000000000000	16083	16089	16107	16112	16117	16124	16132	16135	16133	16139	16101	0	1	1	1	1	5	1	5	4	6	1	1	1	1	1	1	1	1	1	1	1	1
96500	-107.582008986722030	-109.016704041806079	1.434695055084053	0.119998188911688	0.119998188911688	1.000000000000000	0.908071438753480	0.000000000000000	16083	16089	16107	16112	16117	16124	16132	16135	16132	16139	16102	0	1	1	3	1	5	5	6	1	9	1	1	1	1	1	1	1	1	1	1	1	1
97000	-104.979607089706036	-107.054306882432769	2.074699792726728	0.155965372172629	0.155965372172629	1.000000000000000	0.974997288592828	0.000000000000000	16083	16089	16107	16112	16117	16124	16132	16135	16133	16139	16102	0	1	1	1	1	1	5	6	5	9	1	1	1	1	1	1	1	1	1	1	1	1
97500	-105.302014978315015	-107.115747243928396	1.813732265613382	0.131962658812186	0.131962658812186	1.000000000000000	0.947131836288179	0.000000000000000	16083	16089	16107	16109	16117	16124	16132	16135	16133	16139	16102	0	1	1	1	1	5	6	5	6	1	1	1	1	1	1	1	1	1	1	1	1	1
98000	-109.829789600562364	-111.416224562142148	1.586434961579778	0.158200900971771	0.158200900971771	1.000000000000000	0.923511306035537	0.000000000000000	16083	16089	16107	16112	16117	16124	16132	16135	16133	16139	16102	0	1	1	1	2	3	6	11	1	5	1	1	1	1	1	1	1	1	1	1	1	1
98500	-105.904397714544899	-108.009451006153427	2.105053291608522	0.037630906689572	0.037630906689572	1.000000000000000	0.978291126455235	0.000000000000000	16083	16089	16107	16112	16117	16120	16132	16135	16133	16139	16102	0	1	1	1	1	1	5	5	6	8	1	1	1	1	1	1	1	1	1	1	1	1
99000	-107.500609139222149	-109.781255780964045	2.280646641741889	0.066335428586908	0.066335428586908	1.000000000000000	0.997565362853538	0.000000000000000	16083	16089	16107	16112	16117	16124	16132	16135	16133	16139	16102	0	1	1	1	1	1	5	7	1	5	1	1	1	1	1	1	1	1	1	1	1	1
99500	-109.843758815318395	-111.731044780665229	1.887285965346835	0.249118334602965	0.249118334602965	1.000000000000000	0.954904114204703	0.000000000000000	16083	16088	16107	16112	16117	16124	16132	16135	16133	16139	16102	0	1	1	3	2	5	5	1	5	5	1	1	1	1	1	1	1	1	1	1	1	1
100000	-107.278682094861409	-109.014751110157476	1.736069015296067	0.155497783234491	0.155497783234491	1.000000000000000	0.938993961233931	0.000000000000000	16083	16089	16107	16112	16117	16124	16132	16135	16133	16139	16102	0	1	2	1	1	5	6	5	1	8	1	1	1	1	1	1	1	1	1	1	1	1