step	post	like	prior	mu1	mu2	gamma	pi	spa1	Tinf_1	Tinf_2	Tinf_3	Tinf_4	Tinf_5	Tinf_6	Tinf_7	Tinf_8	Tinf_9	Tinf_10	Tinf_11	alpha_1	alpha_2	alpha_3	alpha_4	alpha_5	alpha_6	alpha_7	alpha_8	alpha_9	alpha_10	alpha_11	kappa_1	kappa_2	kappa_3	kappa_4	kappa_5	kappa_6	kappa_7	kappa_8	kappa_9	kappa_10	kappa_11
1	-155.463588667273285	-157.718285078325977	2.254696411052679	0.000100000000000	0.000100000000000	1.000000000000000	0.994693166597223	0.000000000000000	16083	16089	16107	16112	16117	16124	16132	16135	16133	16139	16102	0	1	11	3	4	11	5	2	5	1	1	1	1	1	1	1	1	1	1	1	1	1
500	-133.540382405217684	-134.093150183546243	0.552767778328545	0.000099594138827	0.000099594138827	1.000000000000000	0.823308627079719	0.000000000000000	16083	16089	16107	16111	16117	16124	16132	16135	16133	16139	16102	0	1	1	1	1	5	5	6	6	8	1	1	1	1	2	1	1	1	1	1	1	1
1000	-128.957724168145148	-130.512547852950348	1.554823684805203	0.000100066393965	0.000100066393965	1.000000000000000	0.920273287969198	0.000000000000000	16083	16089	16107	16112	16117	16124	16132	16135	16133	16139	16102	0	1	1	1	1	5	5	5	6	9	1	1	1	1	1	1	1	1	1	1	1	1
1500	-127.325850862681520	-129.580838517920768	2.254987655239245	0.000099535709643	0.000099535709643	1.000000000000000	0.994725355851626	0.000000000000000	16083	16089	16107	16112	16117	16124	16132	16135	16133	16139	16102	0	1	1	1	1	5	6	6	6	9	1	1	1	1	1	1	1	1	1	1	1	1
2000	-127.930599731550572	-130.161256806123959	2.230657074573384	0.000100075535130	0.000100075535130	1.000000000000000	0.992039849093677	0.000000000000000	16083	16089	16107	16112	16117	16124	16132	16135	16133	16139	16102	0	1	1	1	1	1	5	6	5	8	1	1	1	1	1	1	1	1	1	1	1	1
2500	-128.703697918545345	-130.708982320950867	2.005284402405513	0.000100142883352	0.000100142883352	1.000000000000000	0.967506234602480	0.000000000000000	16083	16089	16107	16112	16117	16124	16132	16135	16133	16139	16102	0	1	1	1	1	5	1	11	5	9	1	1	1	1	1	1	1	1	1	1	1	1
3000	-128.293885629388484	-130.158791493602109	1.864905864213626	0.000096301140876	0.000096301140876	1.000000000000000	0.952532525154885	0.000000000000000	16083	16089	16107	16112	16116	16124	16132	16135	16133	16137	16102	0	1	1	1	1	5	6	6	6	9	1	1	1	1	1	1	1	1	1	1	1	1
3500	-128.378628797033826	-130.603169176279550	2.224540379245738	0.000094949968647	0.000094949968647	1.000000000000000	0.991365855319342	0.000000000000000	16083	16089	16107	16112	16117	16124	16132	16135	16132	16139	16102	0	1	1	1	1	5	1	5	5	6	1	1	1	1	1	1	1	1	1	1	1	1
4000	-130.158543648652511	-131.935396885283865	1.776853236631366	0.000095311833741	0.000095311833741	1.000000000000000	0.943258743431082	0.000000000000000	16083	16089	16107	16111	16117	16124	16132	16135	16133	16139	16102	0	1	1	1	1	1	5	6	1	1	1	1	1	1	1	1	1	1	1	1	1	1
4500	-132.673135956972487	-134.641398437776814	1.968262480804332	0.000093126492147	0.000093126492147	1.000000000000000	0.963534526887419	0.000000000000000	16083	16089	16107	16112	16117	16124	16132	16135	16133	16139	16102	0	1	1	1	1	1	1	6	6	8	1	1	1	1	1	1	1	2	1	1	1	1
5000	-129.569871280576933	-131.688284311864379	2.118413031287440	0.000080603898439	0.000080603898439	1.000000000000000	0.979744395346899	0.000000000000000	16083	16089	16107	16112	16117	16124	16132	16135	16133	16139	16102	0	1	1	1	1	5	5	1	1	9	1	1	1	1	1	1	1	1	1	1	1	1
5500	-128.283483626953114	-130.319704536262094	2.036220909308991	0.000095670377471	0.000095670377471	1.000000000000000	0.970837652936585	0.000000000000000	16083	16089	16107	16112	16117	16124	16132	16135	16133	16139	16102	0	1	1	1	1	5	5	11	6	8	1	1	1	1	1	1	1	1	1	1	1	1
6000	-128.672338011968350	-130.974329912874538	2.301991900906193	0.000096272481035	0.000096272481035	1.000000000000000	0.999934091940049	0.000000000000000	16083	16089	16107	16112	16117	16124	16132	16135	16132	16139	16102	0	1	1	1	1	5	5	5	1	1	1	1	1	1	1	1	1	1	1	1	1	1
6500	-128.764207360098595	-130.932402095198881	2.168194735100291	0.000074786467904	0.000074786467904	1.000000000000000	0.985178671387371	0.000000000000000	16083	16089	16107	16112	16117	16124	16132	16135	16133	16139	16102	0	1	1	1	1	5	6	6	6	6	1	1	1	1	1	1	1	1	1	1	1	1
7000	-129.926677491374136	-131.744138727053354	1.817461235679217	0.000079921906956	0.000079921906956	1.000000000000000	0.947524342736822	0.000000000000000	16083	16087	16107	16112	16117	16124	16132	16135	16133	16139	16102	0	1	1	1	1	5	5	1	5	6	1	1	1	1	1	1	1	1	1	1	1	1
7500	-125.172967449140003	-127.051020978332843	1.878053529192838	0.000283036709403	0.000283036709403	1.000000000000000	0.953925050768644	0.000000000000000	16083	16089	16107	16112	16117	16124	16132	16135	16133	16139	16102	0	1	1	1	1	1	5	1	5	6	1	1	1	1	1	1	1	1	1	1	1	1
8000	-119.503149625822275	-121.725375332350367	2.222225706528092	0.000980107476210	0.000980107476210	1.000000000000000	0.991110922825651	0.000000000000000	16083	16089	16107	16112	16117	16124	16132	16135	16133	16139	16102	0	1	1	1	1	1	5	6	5	1	1	1	1	1	1	1	1	1	1	1	1	1
8500	-114.622677751018969	-116.608226893267442	1.985549142248471	0.009716852264242	0.009716852264242	1.000000000000000	0.965387004844085	0.000000000000000	16083	16089	16106	16112	16117	16124	16132	16135	16133	16139	16101	0	1	1	1	1	5	1	5	6	1	1	1	1	1	1	1	1	1	1	1	2	1
9000	-116.908436914714244	-118.716671236426436	1.808234321712191	0.309963453552316	0.309963453552316	1.000000000000000	0.946553426564963	0.000000000000000	16083	16089	16107	16112	16117	16124	16126	16135	16133	16139	16102	0	1	2	1	1	2	1	11	1	3	1	1	1	1	1	1	1	1	1	2	1	1
9500	-110.303433771982299	-112.205316701421410	1.901882929439104	0.239080520115762	0.239080520115762	1.000000000000000	0.956454115389643	0.000000000000000	16083	16087	16107	16112	16117	16124	16132	16135	16133	16139	16102	0	1	2	3	3	5	5	1	6	6	1	1	1	1	1	1	1	1	1	1	1	1
10000	-107.565626707124991	-109.828171802715545	2.262545095590558	0.158472937202336	0.158472937202336	1.000000000000000	0.995560993044958	0.000000000000000	16083	16089	16107	16112	16117	16124	16132	16135	16133	16139	16102	0	1	1	1	3	5	6	3	5	5	1	1	1	1	1	1	1	1	1	1	1	1
10500	-109.827047791830523	-111.410376076896128	1.583328285065606	0.223124564776435	0.223124564776435	1.000000000000000	0.923192577617369	0.000000000000000	16083	16089	16107	16112	16117	16124	16132	16135	16133	16139	16098	0	1	1	1	4	5	5	1	6	5	2	1	1	1	1	1	1	1	1	1	1	1
11000	-109.726516368865177	-111.766217973271495	2.039701604406325	0.139379960487573	0.139379960487573	1.000000000000000	0.971213191090325	0.000000000000000	16083	16089	16107	16112	16117	16124	16132	16135	16133	16139	16102	0	1	1	2	2	5	5	6	4	8	1	1	1	1	1	1	1	1	1	1	1	1
11500	-110.380252716295644	-111.431393867372250	1.051141151076604	0.161064989455157	0.161064989455157	1.000000000000000	0.870185103883644	0.000000000000000	16083	16088	16107	16112	16117	16124	16132	16131	16133	16139	16102	0	1	1	2	1	1	1	5	1	1	1	1	1	1	1	1	1	1	1	1	1	1
12000	-107.018577985541640	-108.933126387307041	1.914548401765394	0.079874234002887	0.079874234002887	1.000000000000000	0.957801056606593	0.000000000000000	16083	16089	16107	16112	16117	16124	16132	16135	16133	16139	16102	0	1	1	1	2	5	6	11	5	9	1	1	1	1	1	1	1	1	1	1	1	1
12500	-108.367218328857504	-110.456256560393413	2.089038231535911	0.161878335553594	0.161878335553594	1.000000000000000	0.976551853150239	0.000000000000000	16083	16088	16107	16112	16117	16124	16132	16135	16133	16137	16102	0	1	1	1	3	5	1	5	3	6	1	1	1	1	1	1	1	1	1	1	1	1
13000	-106.782129896793791	-108.721384862397301	1.939254965603510	0.085930182004901	0.085930182004901	1.000000000000000	0.960433999223297	0.000000000000000	16083	16088	16107	16112	16117	16124	16129	16135	16133	16139	16102	0	1	1	1	4	5	1	5	6	9	1	1	1	1	1	1	1	1	1	1	1	1
13500	-106.693832135501609	-108.911067761043114	2.217235625541501	0.207451433991428	0.207451433991428	1.000000000000000	0.990561550276965	0.000000000000000	16083	16089	16107	16112	16117	16124	16132	16135	16133	16139	16102	0	1	1	1	1	5	6	11	7	8	1	1	1	1	1	1	1	1	1	1	1	1
14000	-106.001229258126514	-108.140430486463075	2.139201228336560	0.103011641767511	0.103011641767511	1.000000000000000	0.982010024197131	0.000000000000000	16083	16089	16107	16112	16117	16124	16130	16135	16133	16139	16102	0	1	1	3	1	1	6	6	6	9	1	1	1	1	1	1	1	1	1	1	1	1
14500	-108.924996687853607	-110.952530715922492	2.027534028068886	0.162926245887659	0.162926245887659	1.000000000000000	0.969901043755064	0.000000000000000	16083	16089	16107	16112	16117	16124	16132	16135	16133	16139	16102	0	1	2	3	3	5	6	5	6	9	1	1	1	1	1	1	1	1	1	1	1	1
15000	-108.450296123936155	-110.439596767162570	1.989300643226408	0.188604802688905	0.188604802688905	1.000000000000000	0.965789494311877	0.000000000000000	16083	16087	16107	16112	16117	16124	16132	16135	16133	16139	16102	0	1	1	1	1	3	6	7	5	5	1	1	1	1	1	1	1	1	1	1	1	1
15500	-109.184105652197502	-111.311233975156867	2.127128322959358	0.292725947873690	0.292725947873690	1.000000000000000	0.980693605771860	0.000000000000000	16083	16089	16107	16112	16117	16124	16132	16135	16133	16137	16102	0	1	1	3	1	5	6	1	6	8	1	1	1	1	1	1	1	1	1	1	1	1
16000	-107.506540092681931	-109.597638403147016	2.091098310465092	0.086184236642318	0.086184236642318	1.000000000000000	0.976775409167868	0.000000000000000	16083	16088	16107	16112	16117	16124	16132	16135	16133	16139	16102	0	1	1	1	1	4	6	1	5	1	1	1	1	1	1	1	1	1	1	1	1	1
16500	-110.008114120330518	-112.122933471038195	2.114819350707683	0.114322074842040	0.114322074842040	1.000000000000000	0.979353263618159	0.000000000000000	16083	16089	16107	16112	16117	16124	16128	16135	16133	16139	16102	0	1	2	1	1	5	6	6	3	9	2	1	1	1	1	1	1	1	1	1	1	1
17000	-109.412263636926426	-109.606325412185186	0.194061775258755	0.058948572812532	0.058948572812532	1.000000000000000	0.791139973961900	0.000000000000000	16083	16089	16107	16112	16117	16124	16132	16135	16133	16139	16102	0	1	1	1	1	1	5	1	5	8	1	1	1	1	1	1	1	1	1	1	1	1
17500	-105.286394082267108	-107.310284273688382	2.023890191421279	0.079405709128866	0.079405709128866	1.000000000000000	0.969508438685603	0.000000000000000	16083	16089	16107	16112	16117	16124	16132	16135	16133	16139	16102	0	1	1	1	1	5	1	6	5	1	1	1	1	1	1	1	1	1	1	1	1	1
18000	-109.993406920929061	-111.824890139918381	1.831483218989313	0.194630280449939	0.194630280449939	1.000000000000000	0.949001734493647	0.000000000000000	16083	16089	16107	16112	16117	16124	16132	16135	16133	16139	16102	0	1	2	3	2	5	6	1	6	8	1	1	1	1	1	1	1	1	1	1	1	1
18500	-107.951482279806754	-110.128443966400852	2.176961686594096	0.169103942567200	0.169103942567200	1.000000000000000	0.986138807128841	0.000000000000000	16083	16089	16107	16112	16117	16124	16132	16135	16133	16138	16102	0	1	1	1	2	4	6	5	5	5	1	1	1	1	1	1	1	1	1	1	1	1
19000	-104.481686612697501	-106.539732164773170	2.058045552075670	0.101185166797984	0.101185166797984	1.000000000000000	0.973194752491260	0.000000000000000	16083	16089	16107	16112	16117	16124	16132	16135	16133	16139	16099	0	1	1	1	1	1	6	5	5	9	1	1	1	1	1	1	1	1	1	1	1	1
19500	-109.921082773210657	-111.596788595610946	1.675705822400285	0.101493794620236	0.101493794620236	1.000000000000000	0.932717181388689	0.000000000000000	16083	16089	16107	16112	16117	16124	16132	16135	16133	16139	16102	0	1	1	1	1	5	6	6	5	1	1	1	1	1	1	1	1	1	2	1	1	1
20000	-110.326379926759287	-112.397905154407766	2.071525227648483	0.246282804349271	0.246282804349271	1.000000000000000	0.974653438978919	0.000000000000000	16083	16089	16107	16112	16117	16124	16132	16135	16133	16139	16102	0	1	1	1	4	5	2	4	6	6	1	1	1	1	1	1	1	1	1	1	1	1
20500	-106.760028038703112	-108.684061196291822	1.924033157588714	0.129255625669276	0.129255625669276	1.000000000000000	0.958810978577665	0.000000000000000	16083	16089	16107	16112	16117	16124	16132	16135	16133	16139	16102	0	1	1	1	2	5	1	5	6	9	1	1	1	1	1	1	1	1	1	1	1	1
21000	-111.271386770653223	-113.525724969749533	2.254338199096308	0.127364037328945	0.127364037328945	1.000000000000000	0.994653577275616	0.000000000000000	16083	16089	16107	16112	16117	16124	16132	16135	16133	16139	16102	0	1	2	1	3	5	6	3	6	5	2	1	1	1	1	1	1	1	1	1	1	1
21500	-108.378032280497948	-110.632056161270668	2.254023880772717	0.093693311358322	0.093693311358322	1.000000000000000	0.994618840343871	0.000000000000000	16083	16089	16107	16112	16117	16124	16132	16135	16133	16139	16102	0	1	2	1	1	5	6	5	5	4	1	1	1	1	1	1	1	1	1	1	1	1
22000	-109.663164546101228	-111.957561377562186	2.294396831460965	0.085810631997490	0.085810631997490	1.000000000000000	0.999090606911746	0.000000000000000	16083	16089	16107	16112	16117	16124	16132	16135	16133	16139	16102	0	1	2	1	1	5	1	2	1	6	1	1	1	1	1	1	1	1	1	1	1	1
22500	-111.571122300565776	-112.902496134688633	1.331373834122857	0.199232941695563	0.199232941695563	1.000000000000000	0.897706266078014	0.000000000000000	16083	16089	16107	16112	16117	16124	16132	16135	16133	16139	16101	0	1	1	1	1	2	1	2	6	1	1	1	1	1	1	1	1	1	1	1	1	1
23000	-113.048420925525193	-114.535843738869019	1.487422813343820	0.175853942720312	0.175853942720312	1.000000000000000	0.913407116878305	0.000000000000000	16083	16089	16107	16112	16117	16124	16132	16135	16133	16139	16102	0	1	1	1	4	5	6	11	6	6	2	1	1	1	2	1	1	1	1	1	1	1
23500	-108.976541106580783	-110.207595490353839	1.231054383773057	0.110808865040215	0.110808865040215	1.000000000000000	0.887755450329199	0.000000000000000	16083	16086	16107	16112	16117	16124	16132	16135	16133	16139	16102	0	1	1	1	1	5	6	5	5	8	1	1	1	2	1	1	1	1	1	1	1	1
24000	-105.616915860227806	-107.149918767311149	1.533002907083346	0.096942562111432	0.096942562111432	1.000000000000000	0.918044759644256	0.000000000000000	16083	16089	16107	16112	16117	16124	16132	16135	16133	16139	16102	0	1	1	1	1	1	6	6	6	5	1	1	1	1	1	1	1	1	1	1	1	1
24500	-109.068357993303138	-111.340073191531260	2.271715198228125	0.195477746173920	0.195477746173920	1.000000000000000	0.996575887382801	0.000000000000000	16083	16089	16107	16112	16117	16124	16132	16135	16133	16139	16102	0	1	1	1	2	5	3	7	6	9	1	1	1	1	1	1	1	1	1	1	1	1
25000	-108.316305847253318	-109.670648864760665	1.354343017507350	0.197732038775659	0.197732038775659	1.000000000000000	0.900000256543411	0.000000000000000	16083	16089	16107	16112	16117	16124	16132	16134	16133	16139	16102	0	1	1	1	4	5	1	6	6	8	1	1	1	1	1	1	1	1	1	1	1	1
25500	-110.130993320160300	-110.624139883897271	0.493146563736973	0.158433480421793	0.158433480421793	1.000000000000000	0.817872579354670	0.000000000000000	16083	16089	16107	16112	16117	16124	16132	16135	16133	16139	16102	0	1	1	1	1	5	5	1	7	5	1	1	1	1	1	1	1	1	1	1	1	1
26000	-108.392290053269647	-110.197276067183751	1.804986013914107	0.170096588284926	0.170096588284926	1.000000000000000	0.946211855222850	0.000000000000000	16083	16089	16107	16112	16115	16124	16132	16135	16133	16139	16102	0	1	1	1	4	4	5	5	5	8	1	1	1	1	1	1	1	1	1	1	1	1
26500	-113.675523563768863	-115.741420529833078	2.065896966064221	0.117594408326133	0.117594408326133	1.000000000000000	0.974044117909955	0.000000000000000	16083	16089	16107	16112	16117	16124	16132	16135	16133	16136	16102	0	1	1	1	2	1	6	1	2	8	1	1	1	1	2	1	1	1	1	1	1	1
27000	-108.351652062461326	-110.535834351190601	2.184182288729276	0.133766606093780	0.133766606093780	1.000000000000000	0.986930293028467	0.000000000000000	16083	16089	16107	16112	16117	16124	16132	16135	16133	16139	16102	0	1	1	1	1	5	2	4	6	5	1	1	1	1	1	1	1	1	1	1	1	1
27500	-109.848732164757934	-112.123118920405119	2.274386755647192	0.145982876963471	0.145982876963471	1.000000000000000	0.996871754593820	0.000000000000000	16083	16089	16107	16112	16117	16124	16132	16135	16133	16139	16102	0	1	1	3	1	5	6	3	3	1	1	1	1	1	1	1	1	1	1	1	1	1
28000	-106.437196824220607	-108.666596343409012	2.229399519188412	0.170161794808513	0.170161794808513	1.000000000000000	0.991901242660381	0.000000000000000	16083	16089	16104	16112	16117	16124	16132	16135	16133	16139	16102	0	1	1	1	3	1	5	5	5	6	1	1	1	1	1	1	1	1	1	1	1	1
28500	-108.908753029883172	-110.816488776914412	1.907735747031243	0.202537298747718	0.202537298747718	1.000000000000000	0.957076312287171	0.000000000000000	16083	16089	16107	16109	16117	16123	16132	16135	16133	16139	16102	0	1	1	1	3	3	6	1	5	9	1	1	1	1	1	1	1	1	1	1	1	1
29000	-110.314463269356850	-112.518164057886409	2.203700788529552	0.058811052339650	0.058811052339650	1.000000000000000	0.989072993285826	0.000000000000000	16083	16089	16107	16112	16117	16124	16132	16135	16133	16139	16102	0	1	1	1	1	5	6	5	1	9	1	1	1	1	1	2	1	1	1	1	1	1
29500	-110.353276040646563	-112.169311820974400	1.816035780327833	0.208297109131770	0.208297109131770	1.000000000000000	0.947374281993527	0.000000000000000	16083	16089	16107	16112	16117	16124	16132	16135	16133	16139	16102	0	1	2	2	1	5	4	11	6	9	1	1	1	1	1	1	1	1	1	1	1	1
30000	-108.225164756822693	-109.571829220127626	1.346664463304935	0.113733350735041	0.113733350735041	1.000000000000000	0.899232728367890	0.000000000000000	16083	16089	16107	16109	16117	16124	16132	16135	16133	16137	16102	0	1	1	3	1	1	6	6	1	6	1	1	1	1	1	1	1	1	1	1	1	1
30500	-107.388852908582905	-109.507522228631444	2.118669320048533	0.167035614117565	0.167035614117565	1.000000000000000	0.979772295463843	0.000000000000000	16083	16089	16107	16112	16117	16124	16132	16135	16133	16139	16102	0	1	1	3	1	5	6	7	5	9	1	1	1	1	1	1	1	1	1	1	1	1
31000	-108.913047787481986	-111.162557269007536	2.249509481525553	0.179389056601203	0.179389056601203	1.000000000000000	0.994120064720116	0.000000000000000	16083	16089	16107	16112	16117	16124	16132	16135	16133	16139	16102	0	1	1	2	4	5	5	5	4	9	1	1	1	1	1	1	1	1	1	1	1	1
31500	-110.253026843891504	-112.330699539057463	2.077672695165964	0.157980691610023	0.157980691610023	1.000000000000000	0.975319405326378	0.000000000000000	16083	16089	16107	16112	16117	16124	16132	16135	16133	16139	16102	0	1	1	1	4	1	5	4	1	7	1	1	1	1	1	1	1	1	1	1	1	1
32000	-110.509132934698684	-112.408084498136319	1.898951563437631	0.157253932977325	0.157253932977325	1.000000000000000	0.956142641997445	0.000000000000000	16083	16089	16107	16112	16116	16121	16132	16135	16133	16139	16099	0	1	1	3	2	1	6	11	6	4	1	1	1	1	1	1	1	1	1	1	1	1
32500	-107.468795986112255	-108.794561021276110	1.325765035163851	0.117211759055325	0.117211759055325	1.000000000000000	0.897146989925345	0.000000000000000	16083	16089	16107	16112	16117	16124	16132	16135	16132	16139	16102	0	1	1	1	1	5	5	7	6	8	1	1	1	1	1	1	1	1	1	1	1	1
33000	-109.931887925545297	-111.214910708526077	1.283022782980783	0.157811008032578	0.157811008032578	1.000000000000000	0.892896415322980	0.000000000000000	16083	16089	16107	16112	16116	16124	16129	16135	16133	16139	16102	0	1	1	1	4	5	2	5	5	5	1	1	1	1	1	1	1	1	1	1	1	1
33500	-109.799842850918338	-112.050413740077104	2.250570889158770	0.116868157968618	0.116868157968618	1.000000000000000	0.994237312369847	0.000000000000000	16083	16089	16107	16112	16117	16124	16132	16135	16133	16139	16100	0	1	1	2	2	4	5	6	6	5	1	1	1	1	1	1	1	1	1	1	1	1
34000	-111.794359859367546	-114.089917207368785	2.295557348001240	0.281367571297757	0.281367571297757	1.000000000000000	0.999219444237509	0.000000000000000	16083	16089	16107	16112	16117	16124	16131	16135	16133	16139	16102	0	1	1	2	3	3	4	5	1	5	1	1	1	1	1	1	1	1	1	1	1	1
34500	-104.192962331626006	-106.216095662912991	2.023133331286980	0.087449632105358	0.087449632105358	1.000000000000000	0.969426910748486	0.000000000000000	16083	16089	16107	16112	16117	16124	16132	16133	16133	16139	16102	0	1	1	1	1	5	6	5	6	6	1	1	1	1	1	1	1	1	1	1	1	1
35000	-106.746545507023768	-108.913852219160347	2.167306712136577	0.102529431293336	0.102529431293336	1.000000000000000	0.985081469373590	0.000000000000000	16083	16089	16107	16112	16117	16124	16132	16134	16133	16139	16102	0	1	1	3	1	5	5	1	6	1	1	1	1	1	1	1	1	1	1	1	1	1
35500	-107.058754035486757	-109.008240930762014	1.949486895275256	0.102288682899300	0.102288682899300	1.000000000000000	0.961526519375523	0.000000000000000	16083	16089	16107	16112	16117	16124	16132	16135	16131	16139	16101	0	1	1	1	1	5	1	6	4	6	1	1	1	1	1	1	1	1	1	1	1	1
36000	-109.965402373676966	-111.343070358058313	1.377667984381349	0.155777504173475	0.155777504173475	1.000000000000000	0.902335779032025	0.000000000000000	16083	16089	16107	16112	16117	16124	16132	16135	16133	16139	16102	0	1	1	3	1	1	5	5	1	9	2	1	1	1	1	1	1	1	1	1	1	1
36500	-116.226267893655432	-116.879106043736428	0.652838150080997	0.197458994424919	0.197458994424919	1.000000000000000	0.832514020457280	0.000000000000000	16083	16089	16107	16112	16117	16124	16130	16135	16133	16139	16102	0	1	2	1	3	1	4	3	2	6	1	1	1	1	1	1	1	1	1	1	1	1
37000	-117.396890436696111	-118.212292214821474	0.815401778125366	0.178744432146391	0.178744432146391	1.000000000000000	0.847688038042889	0.000000000000000	16083	16089	16107	16112	16117	16124	16132	16135	16133	16139	16102	0	1	1	2	4	2	2	1	5	9	1	1	1	2	1	1	1	1	1	1	1	1
37500	-108.513521301031687	-110.553724191894517	2.040202890862832	0.220174076728269	0.220174076728269	1.000000000000000	0.971267287710092	0.000000000000000	16083	16087	16107	16112	16117	16124	16132	16135	16133	16139	16102	0	1	1	2	4	5	6	11	5	6	1	1	1	1	1	1	1	1	1	1	1	1
38000	-108.624617926133865	-109.928156091818408	1.303538165684545	0.180597079664180	0.180597079664180	1.000000000000000	0.894934082600347	0.000000000000000	16083	16089	16107	16112	16115	16124	16132	16135	16133	16139	16102	0	1	1	1	3	5	5	11	1	9	1	1	1	1	1	1	1	1	1	1	1	1
38500	-108.902018052952656	-110.843353996496035	1.941335943543379	0.133732673417100	0.133732673417100	1.000000000000000	0.960656096228371	0.000000000000000	16083	16087	16107	16112	16114	16124	16132	16133	16133	16139	16102	0	1	1	1	1	5	1	3	6	6	2	1	1	1	1	1	1	1	1	1	1	1
39000	-109.061260840117413	-110.809065962157476	1.747805122040063	0.128055641779228	0.128055641779228	1.000000000000000	0.940219219198100	0.000000000000000	16083	16089	16107	16112	16116	16124	16132	16135	16133	16139	16102	0	1	2	1	3	1	1	6	6	8	1	1	1	1	1	1	1	1	1	1	1	1
39500	-106.074738449962652	-108.068052103694413	1.993313653731767	0.128086676035115	0.128086676035115	1.000000000000000	0.966220226266137	0.000000000000000	16083	16089	16107	16112	16117	16124	16132	16132	16133	16139	16102	0	1	1	3	1	5	5	5	6	6	1	1	1	1	1	1	1	1	1	1	1	1
40000	-115.629603493218170	-117.651733564855860	2.022130071637694	0.269186174119805	0.269186174119805	1.000000000000000	0.969318851560067	0.000000000000000	16083	16089	16107	16112	16117	16124	16132	16135	16133	16139	16102	0	1	1	1	4	1	3	1	1	5	2	1	1	1	1	1	1	1	1	2	1	1
40500	-109.867983714185399	-111.628732774355711	1.760749060170313	0.203409604407405	0.203409604407405	1.000000000000000	0.941572429780311	0.000000000000000	16083	16089	16107	16112	16117	16124	16132	16135	16132	16139	16102	0	1	1	1	1	2	4	1	5	8	1	1	1	1	1	1	1	1	1	1	1	1
41000	-113.308070894532307	-113.771488639255409	0.463417744723102	0.194932711461849	0.194932711461849	1.000000000000000	0.815175437976622	0.000000000000000	16083	16089	16107	16112	16117	16124	16132	16132	16133	16139	16099	0	1	1	1	1	5	5	2	7	6	2	1	1	1	1	1	1	1	1	1	1	1
41500	-110.793123612651314	-112.211609900331624	1.418486287680309	0.128166104378825	0.128166104378825	1.000000000000000	0.906437497345275	0.000000000000000	16083	16089	16107	16112	16117	16124	16132	16135	16133	16139	16102	0	1	1	1	2	2	1	11	1	9	1	1	1	1	1	1	1	1	1	1	1	1
42000	-108.608226955722543	-110.859513945424823	2.251286989702282	0.221860664757172	0.221860664757172	1.000000000000000	0.994316423725984	0.000000000000000	16083	16089	16107	16112	16116	16124	16132	16135	16133	16139	16102	0	1	1	1	1	5	2	6	4	8	1	1	1	1	1	1	1	1	1	1	1	1
42500	-111.986392961817785	-113.381446682553772	1.395053720735981	0.198584901035338	0.198584901035338	1.000000000000000	0.904080549491364	0.000000000000000	16083	16089	16107	16112	16117	16124	16132	16135	16133	16139	16102	0	1	2	1	1	5	1	5	5	2	2	1	1	1	1	1	1	1	1	1	1	1
43000	-116.567497909215064	-118.774992367618921	2.207494458403863	0.107376772928442	0.107376772928442	1.000000000000000	0.989489994101856	0.000000000000000	16083	16089	16107	16112	16117	16124	16132	16135	16133	16139	16102	0	1	1	2	1	5	1	1	4	8	2	1	1	1	1	2	1	1	1	1	1	1
43500	-107.196982079616859	-109.081573058444405	1.884590978827545	0.102165206828459	0.102165206828459	1.000000000000000	0.954618217710018	0.000000000000000	16083	16089	16107	16112	16117	16124	16131	16135	16133	16139	16102	0	1	1	1	1	5	6	1	4	6	1	1	1	1	1	1	1	1	1	1	1	1
44000	-110.952991145162173	-113.118335014846068	2.165343869683892	0.230095170787742	0.230095170787742	1.000000000000000	0.984866652829783	0.000000000000000	16083	16089	16107	16112	16114	16124	16132	16135	16133	16139	16099	0	1	2	1	2	5	2	11	1	5	1	1	1	1	1	1	1	1	1	1	1	1
44500	-114.839936610159867	-116.446499841594701	1.606563231434836	0.130510634901318	0.130510634901318	1.000000000000000	0.925579026796207	0.000000000000000	16083	16089	16107	16112	16117	16124	16132	16135	16133	16139	16102	0	1	1	1	1	5	5	6	5	3	1	1	1	2	1	1	1	1	1	1	2	1
45000	-110.476806063589322	-111.466586343037903	0.989780279448575	0.070683484086262	0.070683484086262	1.000000000000000	0.864272469647262	0.000000000000000	16083	16089	16107	16112	16117	16124	16132	16135	16133	16139	16102	0	1	1	1	1	1	5	6	6	6	1	1	1	1	1	1	1	2	1	1	1	1
45500	-105.325757351677950	-107.241453230691647	1.915695879013703	0.078460765450290	0.078460765450290	1.000000000000000	0.957923181605171	0.000000000000000	16083	16089	16107	16112	16117	16124	16132	16135	16133	16139	16102	0	1	1	1	1	1	5	1	6	9	1	1	1	1	1	1	1	1	1	1	1	1
46000	-104.483787574910494	-106.773046872522997	2.289259297612503	0.103732202757859	0.103732202757859	1.000000000000000	0.998520451681140	0.000000000000000	16083	16088	16107	16112	16117	16124	16132	16135	16133	16139	16102	0	1	1	1	1	5	1	5	1	8	1	1	1	1	1	1	1	1	1	1	1	1
46500	-112.287377308606736	-114.520557754311739	2.233180445705007	0.204098381486480	0.204098381486480	1.000000000000000	0.992318030835690	0.000000000000000	16083	16089	16107	16112	16117	16124	16132	16135	16133	16139	16102	0	1	1	3	3	4	1	2	5	8	2	1	1	1	1	1	1	1	1	1	1	1
47000	-109.777596251990772	-111.893373118979383	2.115776866988604	0.206012133802594	0.206012133802594	1.000000000000000	0.979457463238183	0.000000000000000	16083	16089	16107	16112	16117	16124	16130	16135	16133	16139	16102	0	1	1	2	3	5	3	1	6	9	1	1	1	1	1	1	1	1	1	1	1	1
47500	-109.499625433660285	-111.114641238519454	1.615015804859166	0.115502947777302	0.115502947777302	1.000000000000000	0.926448715647665	0.000000000000000	16083	16089	16107	16112	16117	16124	16132	16135	16133	16139	16102	0	1	2	1	1	4	1	6	5	8	1	1	1	1	1	1	1	1	1	1	1	1
48000	-108.492535697186455	-110.080972073351148	1.588436376164696	0.191128610079034	0.191128610079034	1.000000000000000	0.923716698760827	0.000000000000000	16083	16089	16107	16112	16117	16124	16131	16135	16133	16139	16102	0	1	1	3	1	5	1	5	6	1	1	1	1	1	1	1	1	1	1	1	1	1
48500	-108.324745876977317	-109.576606238105782	1.251860361128471	0.105822888665315	0.105822888665315	1.000000000000000	0.889810115464673	0.000000000000000	16083	16089	16107	16112	16117	16124	16132	16135	16133	16139	16102	0	1	1	1	3	1	6	11	5	6	1	1	1	1	1	1	1	1	1	1	1	1
49000	-107.959299583100488	-110.063063210754322	2.103763627653838	0.120235025599300	0.120235025599300	1.000000000000000	0.978150951298413	0.000000000000000	16083	16089	16107	16112	16117	16124	16132	16135	16133	16139	16102	0	1	1	3	3	5	1	5	6	6	1	1	1	1	1	1	1	1	1	1	1	1
49500	-106.734490552392600	-108.988057931073456	2.253567378680851	0.099453147902274	0.099453147902274	1.000000000000000	0.994568392114285	0.000000000000000	16083	16089	16107	16112	16117	16124	16132	16135	16133	16139	16102	0	1	1	1	2	5	1	1	6	6	1	1	1	1	1	1	1	1	1	1	1	1
50000	-112.538879482878031	-112.412071434466014	-0.126808048412010	0.163556000848221	0.163556000848221	1.000000000000000	0.763430969784139	0.000000000000000	16083	16087	16107	16112	16117	16124	16132	16135	16133	16139	16102	0	1	1	3	1	5	5	6	3	6	1	1	1	1	1	1	1	1	1	1	1	1
50500	-107.540836833151829	-109.394503466187189	1.853666633035357	0.248576582027543	0.248576582027543	1.000000000000000	0.951343741670618	0.000000000000000	16083	16087	16107	16112	16117	16124	16132	16135	16133	16139	16102	0	1	1	1	1	5	6	5	5	5	1	1	1	1	1	1	1	1	1	1	1	1
51000	-117.253493309073420	-119.000708475158390	1.747215166084974	0.313751638435506	0.313751638435506	1.000000000000000	0.940157589226125	0.000000000000000	16083	16089	16106	16112	16117	16124	16132	16135	16133	16139	16102	0	1	2	1	1	1	5	6	2	2	2	1	1	1	1	1	1	1	1	1	2	1
51500	-107.091091239299530	-109.112815748669419	2.021724509369887	0.120954558857239	0.120954558857239	1.000000000000000	0.969275172638474	0.000000000000000	16083	16089	16107	16112	16117	16124	16132	16135	16133	16139	16102	0	1	1	1	1	2	6	5	6	1	1	1	1	1	1	1	1	1	1	1	1	1
52000	-109.598970698629401	-111.871766795609261	2.272796096979867	0.176255831027730	0.176255831027730	1.000000000000000	0.996695583196237	0.000000000000000	16083	16089	16107	16112	16117	16124	16132	16135	16133	16139	16100	0	1	1	2	1	2	5	4	6	6	1	1	1	1	1	1	1	1	1	1	1	1
52500	-111.518419996067195	-111.867767724496829	0.349347728429639	0.061984023852218	0.061984023852218	1.000000000000000	0.804908740490330	0.000000000000000	16083	16089	16107	16112	16117	16124	16132	16135	16133	16139	16102	0	1	1	1	1	1	5	6	6	8	1	1	1	1	1	1	1	2	1	1	1	1
53000	-107.737634618125568	-109.101312680828002	1.363678062702439	0.152438983805914	0.152438983805914	1.000000000000000	0.900934245624739	0.000000000000000	16083	16089	16107	16112	16117	16124	16132	16135	16133	16139	16102	0	1	1	2	1	5	6	11	6	9	1	1	1	1	1	1	1	1	1	1	1	1
53500	-107.612675280571040	-109.880964981657897	2.268289701086857	0.123751602737249	0.123751602737249	1.000000000000000	0.996196652018662	0.000000000000000	16083	16089	16106	16112	16117	16124	16132	16134	16133	16139	16102	0	1	1	3	4	5	1	6	5	5	1	1	1	1	1	1	1	1	1	1	1	1
54000	-114.248564670420876	-115.618334868931143	1.369770198510265	0.113727650886640	0.113727650886640	1.000000000000000	0.901544298050265	0.000000000000000	16083	16089	16107	16112	16117	16124	16132	16135	16133	16139	16101	0	1	1	1	4	1	4	7	6	1	2	1	1	1	1	1	1	1	1	1	1	1
54500	-120.629449191212998	-121.644338976663406	1.014889785450411	0.124330562022782	0.124330562022782	1.000000000000000	0.866687109188436	0.000000000000000	16083	16089	16107	16112	16117	16124	16132	16134	16133	16139	16102	0	1	1	3	1	4	2	11	7	6	1	1	1	1	1	1	1	1	3	1	1	1
55000	-107.205851278890293	-109.182026592038142	1.976175313147843	0.235203563109769	0.235203563109769	1.000000000000000	0.964382042420893	0.000000000000000	16083	16089	16107	16112	16117	16124	16132	16135	16133	16139	16102	0	1	1	1	1	5	1	6	6	5	1	1	1	1	1	1	1	1	1	1	1	1
55500	-112.104056007525145	-114.092383544585104	1.988327537059956	0.293823988718833	0.293823988718833	1.000000000000000	0.965685075988940	0.000000000000000	16083	16089	16107	16112	16117	16122	16132	16135	16133	16139	16102	0	1	1	3	1	2	6	1	2	9	1	1	1	1	1	1	1	1	1	1	1	1
56000	-106.325446553385092	-108.465550412517331	2.140103859132243	0.187247528872729	0.187247528872729	1.000000000000000	0.982108517190484	0.000000000000000	16083	16089	16107	16112	16117	16124	16132	16135	16133	16138	16102	0	1	1	1	1	5	5	6	6	8	2	1	1	1	1	1	1	1	1	1	1	1
56500	-107.829443033351950	-109.607988530789356	1.778545497437408	0.137727751409791	0.137727751409791	1.000000000000000	0.943436120084475	0.000000000000000	16083	16089	16107	16112	16117	16124	16132	16135	16133	16139	16102	0	1	1	3	1	1	1	1	6	6	1	1	1	1	1	1	1	1	1	1	1	1
57000	-107.778174086812569	-109.299114624160808	1.520940537348234	0.078730055303480	0.078730055303480	1.000000000000000	0.916815162117849	0.000000000000000	16083	16089	16107	16112	16117	16124	16132	16135	16133	16139	16102	0	1	1	1	1	5	5	5	5	9	2	1	1	1	1	1	1	1	1	1	1	1
57500	-107.033972786741487	-108.526002305834155	1.492029519092662	0.103928024425607	0.103928024425607	1.000000000000000	0.913874769644283	0.000000000000000	16083	16089	16107	16112	16117	16124	16132	16132	16133	16139	16102	0	1	1	3	1	5	5	6	8	6	1	1	1	1	1	1	1	1	1	1	1	1
58000	-108.224166448199696	-110.292321061513420	2.068154613313729	0.219075844763861	0.219075844763861	1.000000000000000	0.974288487227958	0.000000000000000	16083	16089	16107	16112	16117	16124	16132	16135	16133	16139	16102	0	1	1	2	4	5	6	5	6	5	1	1	1	1	1	1	1	1	1	1	1	1
58500	-108.490695632357856	-110.496032560829889	2.005336928472031	0.249568997575839	0.249568997575839	1.000000000000000	0.967511881207495	0.000000000000000	16083	16089	16107	16112	16117	16124	16132	16135	16133	16139	16102	0	1	1	1	1	5	4	11	5	9	1	1	1	1	1	1	1	1	1	1	1	1
59000	-108.018817717503012	-110.063943003052373	2.045125285549355	0.175362036270259	0.175362036270259	1.000000000000000	0.971798650888608	0.000000000000000	16083	16089	16107	16111	16117	16124	16132	16135	16133	16139	16101	0	1	1	3	3	1	5	6	6	5	1	1	1	1	1	1	1	1	1	1	1	1
59500	-108.521069893569049	-110.740145185114272	2.219075291545217	0.094387655948396	0.094387655948396	1.000000000000000	0.990764049017777	0.000000000000000	16083	16089	16104	16112	16117	16124	16132	16135	16133	16139	16102	0	1	1	1	1	4	1	7	6	8	1	1	1	1	1	1	1	1	1	1	1	1
60000	-114.278170809401871	-115.634056680964747	1.355885871562875	0.136536367235881	0.136536367235881	1.000000000000000	0.900154555218139	0.000000000000000	16083	16089	16107	16112	16117	16124	16132	16134	16133	16139	16102	0	1	1	1	1	5	5	1	6	1	1	1	1	1	2	1	1	1	1	2	1	1
60500	-114.992491472888588	-115.783843884179831	0.791352411291246	0.212052467946539	0.212052467946539	1.000000000000000	0.845425910586565	0.000000000000000	16083	16089	16105	16112	16117	16124	16132	16135	16133	16139	16102	0	1	1	3	3	5	1	1	6	5	2	1	1	1	1	1	1	2	1	1	1	1
61000	-106.541667179361482	-108.343161729555163	1.801494550193683	0.133824787353605	0.133824787353605	1.000000000000000	0.945844852596767	0.000000000000000	16083	16089	16107	16112	16117	16124	16132	16135	16133	16139	16102	0	1	1	1	1	5	6	6	6	6	2	1	1	1	1	1	1	1	1	1	1	1
61500	-109.993972843301719	-111.561290134647351	1.567317291345629	0.210102748289667	0.210102748289667	1.000000000000000	0.921551678677773	0.000000000000000	16083	16089	16107	16112	16117	16124	16132	16135	16133	16139	16102	0	1	1	2	1	5	2	11	5	8	1	1	1	1	1	1	1	1	1	1	1	1
62000	-111.578617373642388	-112.783362138246986	1.204744764604597	0.154432584369733	0.154432584369733	1.000000000000000	0.885164072315883	0.000000000000000	16083	16089	16107	16112	16117	16124	16132	16135	16133	16139	16102	0	1	2	2	1	5	4	5	6	5	1	1	1	1	1	1	1	1	1	1	1	1
62500	-109.224288062838667	-110.754351100550238	1.530063037711571	0.105017862147112	0.105017862147112	1.000000000000000	0.917744927320604	0.000000000000000	16083	16089	16107	16112	16117	16124	16132	16135	16131	16139	16102	0	1	1	1	4	5	5	5	4	8	1	1	1	1	1	1	1	1	1	1	1	1
63000	-111.644838131094573	-113.299159959320690	1.654321828226114	0.077176358999793	0.077176358999793	1.000000000000000	0.930503676653718	0.000000000000000	16083	16089	16107	16112	16117	16124	16132	16135	16133	16139	16102	0	1	1	1	1	1	6	7	1	9	1	1	1	1	2	1	1	1	1	1	1	1
63500	-112.782769923335280	-114.860998132627330	2.078228209292045	0.183241440662676	0.183241440662676	1.000000000000000	0.975379607596215	0.000000000000000	16083	16089	16107	16112	16117	16124	16132	16135	16133	16139	16102	0	1	2	3	1	5	2	5	6	3	2	1	1	1	1	1	1	1	1	1	1	1
64000	-107.582170337066799	-109.594019748978411	2.011849411911619	0.201291947700299	0.201291947700299	1.000000000000000	0.968212235135341	0.000000000000000	16083	16089	16107	16112	16117	16124	16132	16134	16133	16139	16102	0	1	1	3	1	1	1	6	5	9	1	1	1	1	1	1	1	1	1	1	1	1
64500	-109.093057311437349	-111.100158926945937	2.007101615508589	0.274487809771446	0.274487809771446	1.000000000000000	0.967701605993211	0.000000000000000	16083	16089	16107	16112	16117	16124	16132	16135	16133	16139	16102	0	1	1	1	1	5	1	7	6	9	1	1	1	1	1	1	1	1	1	1	1	1
65000	-107.621167317951617	-109.601343314243564	1.980175996291948	0.064136193703915	0.064136193703915	1.000000000000000	0.964810825157557	0.000000000000000	16083	16089	16107	16112	16117	16124	16132	16135	16131	16139	16102	0	1	1	1	4	1	5	5	5	5	1	1	1	1	1	1	1	1	1	1	1	1
65500	-104.456061474088642	-106.608440556033528	2.152379081944885	0.081443272337273	0.081443272337273	1.000000000000000	0.983448942303040	0.000000000000000	16083	16089	16107	16112	16117	16124	16132	16132	16133	16139	16102	0	1	1	1	1	5	5	1	5	9	1	1	1	1	1	1	1	1	1	1	1	1
66000	-104.007543116893103	-106.002251659312265	1.994708542419155	0.109094954721219	0.109094954721219	1.000000000000000	0.966369990056399	0.000000000000000	16083	16089	16107	16112	16117	16124	16132	16135	16133	16139	16102	0	1	1	1	1	5	6	6	6	8	1	1	1	1	1	1	1	1	1	1	1	1
66500	-113.260759734686687	-115.057468386219341	1.796708651532650	0.312324081405058	0.312324081405058	1.000000000000000	0.945342017680270	0.000000000000000	16083	16089	16107	16112	16117	16124	16132	16135	16133	16139	16102	0	1	1	3	3	5	2	7	6	7	1	1	1	1	1	1	1	1	1	1	1	1
67000	-107.151700672632145	-109.353835784421605	2.202135111789457	0.069513773032419	0.069513773032419	1.000000000000000	0.988900945075826	0.000000000000000	16083	16089	16107	16112	16117	16124	16132	16131	16133	16139	16102	0	1	1	2	1	1	5	6	5	5	1	1	1	1	1	1	1	1	1	1	1	1
67500	-111.424421317487926	-113.007914728849215	1.583493411361287	0.097461595011175	0.097461595011175	1.000000000000000	0.923209515925038	0.000000000000000	16083	16089	16107	16112	16117	16124	16132	16135	16133	16139	16102	0	1	1	2	1	5	6	7	6	6	2	1	1	1	1	1	1	1	1	1	1	1
68000	-103.905955240096290	-106.040964320282171	2.135009080185876	0.107526439978273	0.107526439978273	1.000000000000000	0.981552716099261	0.000000000000000	16083	16089	16107	16112	16117	16124	16132	16133	16133	16139	16099	0	1	1	1	1	5	5	5	6	8	1	1	1	1	1	1	1	1	1	1	1	1
68500	-106.431427345339671	-108.461971470751322	2.030544125411653	0.102926650512660	0.102926650512660	1.000000000000000	0.970225486513894	0.000000000000000	16083	16089	16107	16112	16117	16124	16132	16135	16133	16139	16102	0	1	1	1	1	4	5	5	5	9	1	1	1	1	1	1	1	1	1	1	1	1
69000	-107.111667705504132	-109.180959889708490	2.069292184204355	0.067963086262759	0.067963086262759	1.000000000000000	0.974411641924543	0.000000000000000	16083	16089	16107	16112	16117	16124	16132	16135	16133	16139	16102	0	1	1	1	4	5	1	5	6	6	1	1	1	1	1	1	1	1	1	1	1	1
69500	-109.424526544726575	-111.649694710675547	2.225168165948967	0.173726166922587	0.173726166922587	1.000000000000000	0.991435009542543	0.000000000000000	16083	16089	16107	16112	16117	16124	16132	16135	16133	16139	16102	0	1	2	1	1	3	6	5	3	9	1	1	1	1	1	1	1	1	1	1	1	1
70000	-109.274851258748825	-111.131143380843483	1.856292122094652	0.150197705691653	0.150197705691653	1.000000000000000	0.951621309108708	0.000000000000000	16083	16089	16107	16112	16117	16124	16132	16135	16133	16139	16102	0	1	1	1	1	4	5	11	5	2	1	1	1	1	1	1	1	1	1	1	1	1
70500	-106.482649191454300	-108.280181799692315	1.797532608238021	0.141706556861208	0.141706556861208	1.000000000000000	0.945428568408139	0.000000000000000	16083	16088	16107	16112	16117	16124	16132	16135	16133	16139	16102	0	1	1	1	1	1	1	1	5	5	1	1	1	1	1	1	1	1	1	1	1	1
71000	-106.694924443475344	-108.888607030093127	2.193682586617778	0.096662777813579	0.096662777813579	1.000000000000000	0.987972635494004	0.000000000000000	16083	16089	16107	16112	16117	16124	16130	16135	16133	16139	16102	0	1	1	1	1	1	1	6	7	9	1	1	1	1	1	1	1	1	1	1	1	1
71500	-116.593442703498852	-117.635894933774622	1.042452230275768	0.266415038376927	0.266415038376927	1.000000000000000	0.869345401571502	0.000000000000000	16083	16089	16107	16112	16116	16124	16132	16135	16133	16139	16102	0	1	2	2	2	1	4	6	1	4	2	1	1	1	1	1	1	1	1	1	1	1
72000	-111.403494036801192	-113.105385872592265	1.701891835791068	0.204618200606778	0.204618200606778	1.000000000000000	0.935434927034049	0.000000000000000	16083	16089	16107	16112	16117	16124	16132	16135	16133	16139	16102	0	1	1	1	1	4	6	1	3	3	1	1	1	1	1	1	1	1	1	1	1	1
72500	-109.547446085931753	-111.623330688677157	2.075884602745409	0.205765052836360	0.205765052836360	1.000000000000000	0.975125651103565	0.000000000000000	16083	16087	16107	16112	16117	16124	16132	16135	16133	16139	16102	0	1	1	1	3	4	6	3	5	8	1	1	1	1	1	1	1	1	1	1	1	1
73000	-106.092619541500397	-108.386159764383564	2.293540222883169	0.190461976129235	0.190461976129235	1.000000000000000	0.998995519260992	0.000000000000000	16083	16089	16107	16111	16117	16124	16132	16135	16133	16139	16102	0	1	1	1	4	5	6	5	5	5	1	1	1	1	1	1	1	1	1	1	1	1
73500	-106.939230569172651	-108.606338479508736	1.667107910336089	0.103942645653519	0.103942645653519	1.000000000000000	0.931826560171436	0.000000000000000	16083	16089	16107	16112	16117	16124	16132	16135	16133	16139	16102	0	1	1	2	1	5	5	6	5	8	1	1	1	1	1	1	1	1	1	1	1	1
74000	-108.642273485445713	-110.143719729722946	1.501446244277226	0.121475268237380	0.121475268237380	1.000000000000000	0.914831459779549	0.000000000000000	16083	16089	16107	16112	16117	16124	16132	16135	16133	16139	16102	0	1	1	1	1	5	6	5	1	5	1	1	1	1	1	1	1	1	1	2	1	1
74500	-108.521495187885691	-110.705661558538864	2.184166370653167	0.197232106835868	0.197232106835868	1.000000000000000	0.986928547470953	0.000000000000000	16083	16089	16107	16112	16117	16124	16132	16135	16133	16139	16102	0	1	2	1	1	5	1	4	6	6	1	1	1	1	1	1	1	1	1	1	1	1
75000	-110.092790885936409	-112.345831250846061	2.253040364909658	0.258126147501276	0.258126147501276	1.000000000000000	0.994510154792846	0.000000000000000	16083	16089	16106	16112	16116	16124	16132	16135	16133	16139	16102	0	1	1	3	3	5	6	7	6	8	2	1	1	1	1	1	1	1	1	1	1	1
75500	-112.458929963619795	-114.560616706575871	2.101686742956076	0.309610633433582	0.309610633433582	1.000000000000000	0.977925254369459	0.000000000000000	16083	16089	16107	16112	16117	16122	16132	16135	16133	16139	16102	0	1	2	1	4	1	4	3	5	9	1	1	1	1	1	1	1	1	1	1	1	1
76000	-109.412173293816494	-110.706188484894113	1.294015191077618	0.081492011436873	0.081492011436873	1.000000000000000	0.893987646233234	0.000000000000000	16083	16089	16107	16112	16116	16124	16132	16135	16133	16139	16102	0	1	1	1	1	5	1	6	5	8	1	1	1	2	1	1	1	1	1	1	1	1
76500	-108.218662990206880	-110.396078980582914	2.177415990376031	0.190115979560467	0.190115979560467	1.000000000000000	0.986188586895182	0.000000000000000	16083	16087	16107	16112	16117	16124	16130	16135	16133	16139	16102	0	1	1	1	1	4	5	11	5	9	2	1	1	1	1	1	1	1	1	1	1	1
77000	-109.868780942503889	-112.132427373806209	2.263646431302313	0.134345793039977	0.134345793039977	1.000000000000000	0.995682827929854	0.000000000000000	16083	16089	16107	16112	16117	16124	16132	16135	16133	16139	16102	0	1	1	1	1	4	6	11	4	5	2	1	1	1	1	1	1	1	1	1	1	1
77500	-108.173438556409764	-109.709509819415558	1.536071263005795	0.114159769476416	0.114159769476416	1.000000000000000	0.918357800567425	0.000000000000000	16083	16086	16107	16112	16117	16124	16132	16135	16133	16139	16102	0	1	1	1	1	1	6	5	1	6	2	1	1	1	1	1	1	1	1	1	1	1
78000	-108.508934255157982	-110.454987578600097	1.946053323442110	0.170436933503749	0.170436933503749	1.000000000000000	0.961159759299391	0.000000000000000	16083	16089	16107	16112	16117	16124	16132	16135	16133	16139	16102	0	1	1	3	1	1	6	3	5	9	1	1	1	1	1	1	1	1	1	1	1	1
78500	-106.342691198367973	-108.306194321389739	1.963503123021771	0.119014377365319	0.119014377365319	1.000000000000000	0.963025127638994	0.000000000000000	16083	16089	16107	16112	16117	16124	16132	16135	16133	16139	16101	0	1	1	1	1	5	6	6	3	8	1	1	1	1	1	1	1	1	1	1	1	1
79000	-112.818701613933939	-114.822775120092984	2.004073506159048	0.223860495851688	0.223860495851688	1.000000000000000	0.967376071173709	0.000000000000000	16083	16089	16107	16111	16117	16124	16132	16134	16133	16139	16102	0	1	2	2	1	4	4	6	3	5	1	1	1	1	1	1	1	1	1	1	1	1
79500	-109.233007006773377	-111.522144859880171	2.289137853106793	0.293601502866844	0.293601502866844	1.000000000000000	0.998506977902858	0.000000000000000	16083	16089	16107	16111	16117	16124	16132	16135	16133	16139	16102	0	1	1	1	1	2	6	5	6	6	1	1	1	1	1	1	1	1	1	1	1	1
80000	-114.500858121976776	-116.515769909995655	2.014911788018881	0.294967259665836	0.294967259665836	1.000000000000000	0.968541738970825	0.000000000000000	16083	16089	16107	16112	16117	16124	16132	16135	16133	16139	16099	0	1	2	3	1	3	2	1	3	9	2	1	1	1	1	1	1	1	1	1	1	1
80500	-106.817673429206650	-109.064581845593537	2.246908416386884	0.105088690634123	0.105088690634123	1.000000000000000	0.993832798339370	0.000000000000000	16083	16086	16107	16112	16117	16124	16132	16134	16133	16139	16102	0	1	1	1	1	1	6	5	5	1	2	1	1	1	1	1	1	1	1	1	1	1
81000	-107.815139785281403	-109.423972217065909	1.608832431784501	0.130520553239296	0.130520553239296	1.000000000000000	0.925812425580032	0.000000000000000	16083	16089	16107	16112	16117	16124	16132	16135	16133	16139	16102	0	1	1	2	1	1	6	11	5	5	1	1	1	1	1	1	1	1	1	1	1	1
81500	-111.609043575195585	-113.688822535025395	2.079778959829809	0.235685883174599	0.235685883174599	1.000000000000000	0.975547685459624	0.000000000000000	16083	16089	16107	16112	16117	16124	16132	16135	16133	16139	16101	0	1	2	3	3	5	6	7	3	9	1	1	1	1	1	1	1	1	1	1	1	1
82000	-109.366991571858776	-111.591733131956090	2.224741560097320	0.160779850696725	0.160779850696725	1.000000000000000	0.991388015992247	0.000000000000000	16083	16089	16107	16112	16117	16124	16132	16135	16133	16139	16102	0	1	1	1	3	5	6	6	5	2	2	1	1	1	1	1	1	1	1	1	1	1
82500	-117.265534059798938	-117.764509048022560	0.498974988223618	0.195105826166397	0.195105826166397	1.000000000000000	0.818402407402803	0.000000000000000	16083	16089	16107	16112	16117	16124	16132	16135	16130	16139	16102	0	1	1	1	1	1	1	11	1	5	2	1	1	2	1	1	1	1	1	1	2	1
83000	-104.759392068518011	-106.897961067495956	2.138568998977950	0.154608237549993	0.154608237549993	1.000000000000000	0.981941042668085	0.000000000000000	16083	16088	16107	16112	16117	16124	16132	16135	16133	16139	16102	0	1	1	1	1	1	6	6	6	6	1	1	1	1	1	1	1	1	1	1	1	1
83500	-109.754868167721980	-111.160236263152527	1.405368095430551	0.181541723156357	0.181541723156357	1.000000000000000	0.905117257382156	0.000000000000000	16083	16089	16107	16112	16117	16124	16132	16135	16133	16139	16102	0	1	1	3	1	1	6	6	6	3	1	1	1	1	1	1	1	1	1	1	1	1
84000	-110.211655960778444	-111.798482506525474	1.586826545747037	0.105295796181088	0.105295796181088	1.000000000000000	0.923551488288096	0.000000000000000	16083	16089	16107	16112	16117	16124	16132	16135	16133	16139	16102	0	1	1	1	3	3	1	5	1	6	1	1	1	1	1	1	1	1	1	1	1	1
84500	-107.510364837671105	-109.739913101569059	2.229548263897952	0.158503635929122	0.158503635929122	1.000000000000000	0.991917636136097	0.000000000000000	16083	16087	16107	16112	16117	16124	16132	16135	16132	16139	16102	0	1	1	1	4	5	6	1	6	8	2	1	1	1	1	1	1	1	1	1	1	1
85000	-108.632581081776124	-110.798139127692835	2.165558045916707	0.138128530542553	0.138128530542553	1.000000000000000	0.984890090334160	0.000000000000000	16083	16089	16107	16112	16117	16121	16132	16135	16133	16139	16102	0	1	1	1	1	5	1	2	5	7	1	1	1	1	1	1	1	1	1	1	1	1
85500	-106.823448089975443	-108.634375102094253	1.810927012118816	0.121061192064743	0.121061192064743	1.000000000000000	0.946836666192781	0.000000000000000	16083	16089	16107	16112	16117	16124	16132	16135	16133	16139	16102	0	1	1	1	1	5	5	6	6	4	1	1	1	1	1	1	1	1	1	1	1	1
86000	-110.537348945899240	-112.502041870057312	1.964692924158074	0.172831210391118	0.172831210391118	1.000000000000000	0.963152448098160	0.000000000000000	16083	16089	16107	16112	16117	16124	16132	16135	16133	16139	16102	0	1	1	1	1	3	2	6	5	4	1	1	1	1	1	1	1	1	1	1	1	1
86500	-108.389850864983117	-110.250348943789589	1.860498078806472	0.233073107637437	0.233073107637437	1.000000000000000	0.952066132821367	0.000000000000000	16083	16089	16105	16112	16117	16124	16132	16135	16133	16136	16102	0	1	1	1	1	1	6	5	7	6	1	1	1	1	1	1	1	1	1	1	1	1
87000	-112.298959552083815	-113.840305798383582	1.541346246299773	0.239273935180943	0.239273935180943	1.000000000000000	0.918896216343457	0.000000000000000	16083	16089	16107	16112	16117	16123	16132	16135	16133	16139	16102	0	1	2	3	1	5	5	1	7	7	1	1	1	1	1	1	1	1	1	1	1	1
87500	-109.098082448236156	-110.191169485838657	1.093087037602505	0.156766796711330	0.156766796711330	1.000000000000000	0.874250201267559	0.000000000000000	16083	16087	16107	16112	16117	16124	16132	16135	16133	16139	16102	0	1	1	1	1	5	6	1	2	8	1	1	1	1	1	1	1	1	1	1	1	1
88000	-111.359274595604759	-111.894309066136373	0.535034470531610	0.138914172731589	0.138914172731589	1.000000000000000	0.821688003627524	0.000000000000000	16083	16089	16107	16112	16117	16124	16132	16135	16133	16139	16102	0	1	1	3	2	5	5	1	6	6	1	1	1	1	1	1	1	1	1	1	1	1
88500	-111.513875148822834	-111.992179018752267	0.478303869929431	0.216458886988380	0.216458886988380	1.000000000000000	0.816524865169637	0.000000000000000	16083	16089	16107	16112	16117	16124	16131	16135	16133	16139	16102	0	1	1	1	4	5	3	6	6	8	1	1	1	1	1	1	1	1	1	1	1	1
89000	-113.039947819066825	-115.002411995828410	1.962464176761586	0.182113681668130	0.182113681668130	1.000000000000000	0.962913963904867	0.000000000000000	16083	16089	16107	16112	16117	16124	16132	16135	16131	16139	16102	0	1	2	2	3	5	1	3	6	5	2	1	1	1	1	1	1	1	1	1	1	1
89500	-106.352571967126394	-108.624155853467983	2.271583886341584	0.183635720089721	0.183635720089721	1.000000000000000	0.996561347237779	0.000000000000000	16083	16088	16107	16112	16117	16124	16132	16135	16133	16139	16102	0	1	1	1	1	5	4	5	6	6	1	1	1	1	1	1	1	1	1	1	1	1
90000	-110.903977344568361	-112.971340068748646	2.067362724180283	0.163959552461864	0.163959552461864	1.000000000000000	0.974202765614139	0.000000000000000	16083	16089	16107	16111	16117	16124	16132	16135	16133	16139	16102	0	1	1	2	3	5	5	6	3	9	2	1	1	1	1	1	1	1	1	1	1	1
90500	-105.202697152462420	-107.450871443532279	2.248174291069854	0.119052313428473	0.119052313428473	1.000000000000000	0.993972593479149	0.000000000000000	16083	16086	16107	16112	16117	16124	16132	16135	16133	16139	16102	0	1	1	1	1	1	1	1	5	6	1	1	1	1	1	1	1	1	1	1	1	1
91000	-106.077369202808171	-108.354744799176530	2.277375596368357	0.129747901495533	0.129747901495533	1.000000000000000	0.997202864114190	0.000000000000000	16083	16088	16107	16112	16117	16124	16132	16135	16133	16139	16102	0	1	1	1	3	5	1	5	5	5	1	1	1	1	1	1	1	1	1	1	1	1
91500	-108.177847943178321	-110.458349669587420	2.280501726409099	0.229927175236520	0.229927175236520	1.000000000000000	0.997549300481017	0.000000000000000	16083	16089	16107	16112	16117	16123	16130	16135	16133	16139	16102	0	1	1	1	1	2	6	11	6	1	1	1	1	1	1	1	1	1	1	1	1	1
92000	-111.238030385690237	-113.275221772358620	2.037191386668389	0.321334387107307	0.321334387107307	1.000000000000000	0.970942344798968	0.000000000000000	16083	16089	16107	16112	16117	16123	16132	16135	16133	16139	16102	0	1	1	2	1	1	5	7	6	8	1	1	1	1	1	1	1	1	1	1	1	1
92500	-106.188960193816243	-108.414241583178523	2.225281389362277	0.185288957316769	0.185288957316769	1.000000000000000	0.991447482249427	0.000000000000000	16083	16089	16107	16112	16117	16124	16132	16135	16133	16139	16102	0	1	1	1	4	5	5	11	5	8	1	1	1	1	1	1	1	1	1	1	1	1
93000	-108.787302137249412	-110.463978779437070	1.676676642187658	0.055287911460661	0.055287911460661	1.000000000000000	0.932817797959258	0.000000000000000	16083	16089	16107	16110	16117	16124	16132	16135	16133	16139	16102	0	1	1	2	1	5	6	1	5	6	1	1	1	1	1	1	1	1	1	1	1	1
93500	-104.475848921203038	-106.549641004553081	2.073792083350037	0.103531495012881	0.103531495012881	1.000000000000000	0.974898958642511	0.000000000000000	16083	16089	16107	16112	16117	16124	16132	16135	16133	16139	16102	0	1	1	1	1	5	6	6	6	1	1	1	1	1	1	1	1	1	1	1	1	1
94000	-111.797547269719274	-114.051403421254534	2.253856151535264	0.283831350368525	0.283831350368525	1.000000000000000	0.994600304221080	0.000000000000000	16083	16089	16105	16112	16117	16124	16132	16135	16133	16139	16102	0	1	1	1	4	1	3	4	6	5	2	1	1	1	1	1	1	1	1	1	1	1
94500	-113.266543368044978	-115.294541661728843	2.027998293683871	0.154045691819189	0.154045691819189	1.000000000000000	0.969951077457165	0.000000000000000	16083	16089	16107	16110	16117	16124	16132	16135	16133	16139	16102	0	1	2	2	1	1	5	5	6	8	1	1	1	1	1	1	1	2	1	1	1	1
95000	-109.501276063129552	-111.743550424483956	2.242274361354408	0.215154126180773	0.215154126180773	1.000000000000000	0.993321210515392	0.000000000000000	16083	16089	16107	16112	16117	16124	16132	16135	16133	16139	16102	0	1	1	1	2	5	6	6	5	3	2	1	1	1	1	1	1	1	1	1	1	1
95500	-107.682329743415522	-109.703443318549162	2.021113575133641	0.169605519217852	0.169605519217852	1.000000000000000	0.969209378939666	0.000000000000000	16083	16089	16107	16112	16117	16124	16132	16134	16133	16139	16102	0	1	1	1	3	5	1	1	6	1	1	1	1	1	1	1	1	1	1	1	1	1
96000	-112.264860062916000	-113.664912815979974	1.400052753063969	0.256779992395283	0.256779992395283	1.000000000000000	0.904582858747796	0.000000000000000	16083	16089	16107	16112	16117	16124	16132	16135	16131	16139	16102	0	1	1	3	3	5	3	7	6	6	1	1	1	1	1	1	1	1	1	1	1	1
96500	-109.783718886295304	-111.536502033848876	1.752783147553572	0.176785650989396	0.176785650989396	1.000000000000000	0.940739411410006	0.000000000000000	16083	16089	16107	16112	16117	16124	16132	16135	16133	16139	16102	0	1	1	1	3	1	1	1	5	7	1	1	1	1	1	1	1	1	1	1	1	1
97000	-104.041737742994684	-106.266628802464211	2.224891059469524	0.100639367970081	0.100639367970081	1.000000000000000	0.991404484116357	0.000000000000000	16083	16089	16107	16112	16117	16124	16132	16135	16133	16139	16102	0	1	1	1	1	1	5	6	6	9	1	1	1	1	1	1	1	1	1	1	1	1
97500	-110.776217047050253	-112.407601930885505	1.631384883835250	0.145186145885471	0.145186145885471	1.000000000000000	0.928135261382064	0.000000000000000	16083	16089	16107	16112	16117	16124	16132	16135	16133	16138	16102	0	1	1	3	4	1	1	6	6	6	2	1	1	1	1	1	1	1	1	1	1	1
98000	-112.991900325752738	-115.254937886191755	2.263037560439018	0.170142935584925	0.170142935584925	1.000000000000000	0.995615469956895	0.000000000000000	16083	16089	16107	16112	16117	16124	16132	16135	16133	16139	16102	0	1	2	1	2	5	2	2	7	5	1	1	1	1	1	1	1	1	1	1	1	1
98500	-107.822801497586340	-109.802491547425745	1.979690049839401	0.203132624889571	0.203132624889571	1.000000000000000	0.964758732519709	0.000000000000000	16083	16089	16107	16112	16117	16124	16132	16135	16133	16139	16102	0	1	1	1	1	5	5	4	1	6	1	1	1	1	1	1	1	1	1	1	1	1
99000	-107.355820050369147	-109.439101136594076	2.083281086224924	0.149325941058432	0.149325941058432	1.000000000000000	0.975927369471460	0.000000000000000	16083	16089	16107	16112	16117	16123	16132	16135	16133	16139	16102	0	1	1	1	3	1	5	1	1	6	1	1	1	1	1	1	1	1	1	1	1	1
99500	-115.097074901921019	-114.899223336661734	-0.197851565259282	0.182443880632253	0.182443880632253	1.000000000000000	0.757428378910703	0.000000000000000	16083	16089	16107	16112	16117	16124	16132	16135	16133	16139	16102	0	1	1	1	4	1	4	11	1	8	2	1	1	1	1	1	1	1	1	1	1	1
100000	-110.336091645368199	-112.564521404275652	2.228429758907449	0.181743785776228	0.181743785776228	1.000000000000000	0.991794369926339	0.000000000000000	16083	16089	16107	16112	16117	16124	16132	16135	16133	16139	16102	0	1	1	1	4	1	1	11	4	4	1	1	1	1	1	1	1	1	1	1	1	1