step	p_accept_mu1	p_accept_gamma	p_accept_pi		p_accept_Tinf	p_accept_spa1	sigma_mu1	sigma_gamma	sigma_pi	sigma_spa1	n_like_zero
1	1.00000	1.00000	0.52722	1.00000	1.00000	0.000100000000000	1.000000000000000	0.010000000000000	0.010000000000000	0
500	1.00000	1.00000	0.52722	0.31951	1.00000	0.000100000000000	1.000000000000000	0.010000000000000	0.010000000000000	0
1000	1.00000	1.00000	0.89000	0.32530	1.00000	0.000150000000000	1.000000000000000	0.015000000000000	0.010000000000000	0
1500	1.00000	1.00000	0.78600	0.31979	1.00000	0.000225000000000	1.000000000000000	0.022500000000000	0.010000000000000	0
2000	1.00000	1.00000	0.72800	0.32011	1.00000	0.000337500000000	1.000000000000000	0.033750000000000	0.010000000000000	0
2500	0.99400	1.00000	0.63000	0.32195	1.00000	0.000506250000000	1.000000000000000	0.050625000000000	0.010000000000000	0
3000	0.99600	1.00000	0.47800	0.32182	1.00000	0.000759375000000	1.000000000000000	0.075937500000000	0.010000000000000	0
3500	1.00000	1.00000	0.46200	0.32085	1.00000	0.001139062500000	1.000000000000000	0.075937500000000	0.010000000000000	0
4000	0.98800	1.00000	0.47467	0.32057	1.00000	0.001708593750000	1.000000000000000	0.075937500000000	0.010000000000000	0
4500	0.99000	1.00000	0.49800	0.32187	1.00000	0.002562890625000	1.000000000000000	0.075937500000000	0.010000000000000	0
5000	0.99600	1.00000	0.49880	0.32279	1.00000	0.003844335937500	1.000000000000000	0.075937500000000	0.010000000000000	0
5500	0.98600	1.00000	0.51300	0.32218	1.00000	0.005766503906250	1.000000000000000	0.075937500000000	0.010000000000000	0
6000	0.98000	1.00000	0.51486	0.32346	1.00000	0.008649755859375	1.000000000000000	0.075937500000000	0.010000000000000	0
6500	0.97800	1.00000	0.51850	0.32330	1.00000	0.012974633789063	1.000000000000000	0.075937500000000	0.010000000000000	0
7000	0.96800	1.00000	0.51956	0.32316	1.00000	0.019461950683594	1.000000000000000	0.075937500000000	0.010000000000000	0
7500	0.95600	1.00000	0.51420	0.32193	1.00000	0.029192926025391	1.000000000000000	0.075937500000000	0.010000000000000	0
8000	0.93800	1.00000	0.52109	0.32358	1.00000	0.043789389038086	1.000000000000000	0.075937500000000	0.010000000000000	0
8500	0.90400	1.00000	0.52033	0.32296	1.00000	0.065684083557129	1.000000000000000	0.075937500000000	0.010000000000000	0
9000	0.86800	1.00000	0.52062	0.32547	1.00000	0.098526125335693	1.000000000000000	0.075937500000000	0.010000000000000	0
9500	0.86800	1.00000	0.51943	0.32902	1.00000	0.147789188003540	1.000000000000000	0.075937500000000	0.010000000000000	0
10000	0.81800	1.00000	0.52253	0.33303	1.00000	0.221683782005310	1.000000000000000	0.075937500000000	0.010000000000000	0
10500	0.71600	1.00000	0.52575	0.33723	1.00000	0.332525673007965	1.000000000000000	0.075937500000000	0.010000000000000	0
11000	0.61000	1.00000	0.52506	0.34010	1.00000	0.498788509511948	1.000000000000000	0.075937500000000	0.010000000000000	0
11500	0.48600	1.00000	0.52456	0.34325	1.00000	0.748182764267921	1.000000000000000	0.075937500000000	0.010000000000000	0
12000	0.48700	1.00000	0.52316	0.34525	1.00000	0.748182764267921	1.000000000000000	0.075937500000000	0.010000000000000	0
12500	0.49067	1.00000	0.52380	0.34818	1.00000	0.748182764267921	1.000000000000000	0.075937500000000	0.010000000000000	0
13000	0.48950	1.00000	0.52476	0.35014	1.00000	0.748182764267921	1.000000000000000	0.075937500000000	0.010000000000000	0
13500	0.49480	1.00000	0.52473	0.35229	1.00000	0.748182764267921	1.000000000000000	0.075937500000000	0.010000000000000	0
14000	0.49667	1.00000	0.52217	0.35384	1.00000	0.748182764267921	1.000000000000000	0.075937500000000	0.010000000000000	0
14500	0.49771	1.00000	0.52025	0.35559	1.00000	0.748182764267921	1.000000000000000	0.075937500000000	0.010000000000000	0
15000	0.49975	1.00000	0.52200	0.35751	1.00000	0.748182764267921	1.000000000000000	0.075937500000000	0.010000000000000	0
15500	0.49689	1.00000	0.52146	0.35846	1.00000	0.748182764267921	1.000000000000000	0.075937500000000	0.010000000000000	0
16000	0.49740	1.00000	0.52126	0.35984	1.00000	0.748182764267921	1.000000000000000	0.075937500000000	0.010000000000000	0
16500	0.49436	1.00000	0.52150	0.36134	1.00000	0.748182764267921	1.000000000000000	0.075937500000000	0.010000000000000	0
17000	0.49450	1.00000	0.52152	0.36240	1.00000	0.748182764267921	1.000000000000000	0.075937500000000	0.010000000000000	0
17500	0.49615	1.00000	0.52193	0.36353	1.00000	0.748182764267921	1.000000000000000	0.075937500000000	0.010000000000000	0
18000	0.49400	1.00000	0.52200	0.36464	1.00000	0.748182764267921	1.000000000000000	0.075937500000000	0.010000000000000	0
18500	0.49360	1.00000	0.52344	0.36543	1.00000	0.748182764267921	1.000000000000000	0.075937500000000	0.010000000000000	0
19000	0.49275	1.00000	0.52303	0.36635	1.00000	0.748182764267921	1.000000000000000	0.075937500000000	0.010000000000000	0
19500	0.49306	1.00000	0.52200	0.36704	1.00000	0.748182764267921	1.000000000000000	0.075937500000000	0.010000000000000	0
20000	0.49356	1.00000	0.52194	0.36830	1.00000	0.748182764267921	1.000000000000000	0.075937500000000	0.010000000000000	0
20500	0.49558	1.00000	0.52133	0.36904	1.00000	0.748182764267921	1.000000000000000	0.075937500000000	0.010000000000000	0
21000	0.49500	1.00000	0.52227	0.36991	1.00000	0.748182764267921	1.000000000000000	0.075937500000000	0.010000000000000	0
21500	0.49419	1.00000	0.52184	0.37059	1.00000	0.748182764267921	1.000000000000000	0.075937500000000	0.010000000000000	0
22000	0.49464	1.00000	0.52210	0.37107	1.00000	0.748182764267921	1.000000000000000	0.075937500000000	0.010000000000000	0
22500	0.49452	1.00000	0.52205	0.37150	1.00000	0.748182764267921	1.000000000000000	0.075937500000000	0.010000000000000	0
23000	0.49375	1.00000	0.52229	0.37260	1.00000	0.748182764267921	1.000000000000000	0.075937500000000	0.010000000000000	0
23500	0.49328	1.00000	0.52324	0.37306	1.00000	0.748182764267921	1.000000000000000	0.075937500000000	0.010000000000000	0
24000	0.49192	1.00000	0.52335	0.37362	1.00000	0.748182764267921	1.000000000000000	0.075937500000000	0.010000000000000	0
24500	0.49259	1.00000	0.52341	0.37417	1.00000	0.748182764267921	1.000000000000000	0.075937500000000	0.010000000000000	0
25000	0.49393	1.00000	0.52302	0.37469	1.00000	0.748182764267921	1.000000000000000	0.075937500000000	0.010000000000000	0
25500	0.49317	1.00000	0.52326	0.37532	1.00000	0.748182764267921	1.000000000000000	0.075937500000000	0.010000000000000	0
26000	0.49340	1.00000	0.52421	0.37601	1.00000	0.748182764267921	1.000000000000000	0.075937500000000	0.010000000000000	0
26500	0.49348	1.00000	0.52371	0.37662	1.00000	0.748182764267921	1.000000000000000	0.075937500000000	0.010000000000000	0
27000	0.49250	1.00000	0.52380	0.37699	1.00000	0.748182764267921	1.000000000000000	0.075937500000000	0.010000000000000	0
27500	0.49218	1.00000	0.52364	0.37802	1.00000	0.748182764267921	1.000000000000000	0.075937500000000	0.010000000000000	0
28000	0.49200	1.00000	0.52435	0.37822	1.00000	0.748182764267921	1.000000000000000	0.075937500000000	0.010000000000000	0
28500	0.49246	1.00000	0.52481	0.37876	1.00000	0.748182764267921	1.000000000000000	0.075937500000000	0.010000000000000	0
29000	0.49361	1.00000	0.52509	0.37900	1.00000	0.748182764267921	1.000000000000000	0.075937500000000	0.010000000000000	0
29500	0.49373	1.00000	0.52581	0.37942	1.00000	0.748182764267921	1.000000000000000	0.075937500000000	0.010000000000000	0
30000	0.49411	1.00000	0.52636	0.37987	1.00000	0.748182764267921	1.000000000000000	0.075937500000000	0.010000000000000	0
30500	0.49503	1.00000	0.52661	0.38015	1.00000	0.748182764267921	1.000000000000000	0.075937500000000	0.010000000000000	0
31000	0.49450	1.00000	0.52670	0.38048	1.00000	0.748182764267921	1.000000000000000	0.075937500000000	0.010000000000000	0
31500	0.49322	1.00000	0.52662	0.38105	1.00000	0.748182764267921	1.000000000000000	0.075937500000000	0.010000000000000	0
32000	0.49319	1.00000	0.52651	0.38142	1.00000	0.748182764267921	1.000000000000000	0.075937500000000	0.010000000000000	0
32500	0.49340	1.00000	0.52620	0.38186	1.00000	0.748182764267921	1.000000000000000	0.075937500000000	0.010000000000000	0
33000	0.49245	1.00000	0.52666	0.38206	1.00000	0.748182764267921	1.000000000000000	0.075937500000000	0.010000000000000	0
33500	0.49244	1.00000	0.52584	0.38226	1.00000	0.748182764267921	1.000000000000000	0.075937500000000	0.010000000000000	0
34000	0.49252	1.00000	0.52527	0.38263	1.00000	0.748182764267921	1.000000000000000	0.075937500000000	0.010000000000000	0
34500	0.49238	1.00000	0.52541	0.38284	1.00000	0.748182764267921	1.000000000000000	0.075937500000000	0.010000000000000	0
35000	0.49221	1.00000	0.52514	0.38292	1.00000	0.748182764267921	1.000000000000000	0.075937500000000	0.010000000000000	0
35500	0.49216	1.00000	0.52506	0.38308	1.00000	0.748182764267921	1.000000000000000	0.075937500000000	0.010000000000000	0
36000	0.49144	1.00000	0.52549	0.38353	1.00000	0.748182764267921	1.000000000000000	0.075937500000000	0.010000000000000	0
36500	0.49118	1.00000	0.52518	0.38379	1.00000	0.748182764267921	1.000000000000000	0.075937500000000	0.010000000000000	0
37000	0.49085	1.00000	0.52568	0.38413	1.00000	0.748182764267921	1.000000000000000	0.075937500000000	0.010000000000000	0
37500	0.49034	1.00000	0.52597	0.38428	1.00000	0.748182764267921	1.000000000000000	0.075937500000000	0.010000000000000	0
38000	0.48970	1.00000	0.52634	0.38454	1.00000	0.748182764267921	1.000000000000000	0.075937500000000	0.010000000000000	0
38500	0.48880	1.00000	0.52719	0.38480	1.00000	0.748182764267921	1.000000000000000	0.075937500000000	0.010000000000000	0
39000	0.48854	1.00000	0.52718	0.38486	1.00000	0.748182764267921	1.000000000000000	0.075937500000000	0.010000000000000	0
39500	0.48888	1.00000	0.52735	0.38529	1.00000	0.748182764267921	1.000000000000000	0.075937500000000	0.010000000000000	0
40000	0.48972	1.00000	0.52720	0.38536	1.00000	0.748182764267921	1.000000000000000	0.075937500000000	0.010000000000000	0
40500	0.48959	1.00000	0.52755	0.38544	1.00000	0.748182764267921	1.000000000000000	0.075937500000000	0.010000000000000	0
41000	0.49057	1.00000	0.52719	0.38552	1.00000	0.748182764267921	1.000000000000000	0.075937500000000	0.010000000000000	0
41500	0.49036	1.00000	0.52805	0.38585	1.00000	0.748182764267921	1.000000000000000	0.075937500000000	0.010000000000000	0
42000	0.49006	1.00000	0.52848	0.38621	1.00000	0.748182764267921	1.000000000000000	0.075937500000000	0.010000000000000	0
42500	0.48987	1.00000	0.52835	0.38642	1.00000	0.748182764267921	1.000000000000000	0.075937500000000	0.010000000000000	0
43000	0.48988	1.00000	0.52835	0.38647	1.00000	0.748182764267921	1.000000000000000	0.075937500000000	0.010000000000000	0
43500	0.49018	1.00000	0.52798	0.38647	1.00000	0.748182764267921	1.000000000000000	0.075937500000000	0.010000000000000	0
44000	0.48979	1.00000	0.52800	0.38669	1.00000	0.748182764267921	1.000000000000000	0.075937500000000	0.010000000000000	0
44500	0.48988	1.00000	0.52795	0.38668	1.00000	0.748182764267921	1.000000000000000	0.075937500000000	0.010000000000000	0
45000	0.49029	1.00000	0.52748	0.38694	1.00000	0.748182764267921	1.000000000000000	0.075937500000000	0.010000000000000	0
45500	0.49122	1.00000	0.52753	0.38705	1.00000	0.748182764267921	1.000000000000000	0.075937500000000	0.010000000000000	0
46000	0.49123	1.00000	0.52724	0.38710	1.00000	0.748182764267921	1.000000000000000	0.075937500000000	0.010000000000000	0
46500	0.49113	1.00000	0.52784	0.38749	1.00000	0.748182764267921	1.000000000000000	0.075937500000000	0.010000000000000	0
47000	0.49056	1.00000	0.52766	0.38771	1.00000	0.748182764267921	1.000000000000000	0.075937500000000	0.010000000000000	0
47500	0.49071	1.00000	0.52767	0.38794	1.00000	0.748182764267921	1.000000000000000	0.075937500000000	0.010000000000000	0
48000	0.49054	1.00000	0.52778	0.38824	1.00000	0.748182764267921	1.000000000000000	0.075937500000000	0.010000000000000	0
48500	0.49029	1.00000	0.52793	0.38835	1.00000	0.748182764267921	1.000000000000000	0.075937500000000	0.010000000000000	0
49000	0.49005	1.00000	0.52751	0.38851	1.00000	0.748182764267921	1.000000000000000	0.075937500000000	0.010000000000000	0
49500	0.49003	1.00000	0.52770	0.38853	1.00000	0.748182764267921	1.000000000000000	0.075937500000000	0.010000000000000	0
50000	0.48997	1.00000	0.52789	0.38861	1.00000	0.748182764267921	1.000000000000000	0.075937500000000	0.010000000000000	0
50500	0.48992	1.00000	0.52767	0.38865	1.00000	0.748182764267921	1.000000000000000	0.075937500000000	0.010000000000000	0
51000	0.49018	1.00000	0.52755	0.38883	1.00000	0.748182764267921	1.000000000000000	0.075937500000000	0.010000000000000	0
51500	0.49032	1.00000	0.52763	0.38890	1.00000	0.748182764267921	1.000000000000000	0.075937500000000	0.010000000000000	0
52000	0.48973	1.00000	0.52766	0.38894	1.00000	0.748182764267921	1.000000000000000	0.075937500000000	0.010000000000000	0
52500	0.49012	1.00000	0.52778	0.38899	1.00000	0.748182764267921	1.000000000000000	0.075937500000000	0.010000000000000	0
53000	0.49043	1.00000	0.52794	0.38918	1.00000	0.748182764267921	1.000000000000000	0.075937500000000	0.010000000000000	0
53500	0.49033	1.00000	0.52796	0.38931	1.00000	0.748182764267921	1.000000000000000	0.075937500000000	0.010000000000000	0
54000	0.49051	1.00000	0.52796	0.38946	1.00000	0.748182764267921	1.000000000000000	0.075937500000000	0.010000000000000	0
54500	0.49110	1.00000	0.52846	0.38957	1.00000	0.748182764267921	1.000000000000000	0.075937500000000	0.010000000000000	0
55000	0.49116	1.00000	0.52832	0.38966	1.00000	0.748182764267921	1.000000000000000	0.075937500000000	0.010000000000000	0
55500	0.49178	1.00000	0.52883	0.38962	1.00000	0.748182764267921	1.000000000000000	0.075937500000000	0.010000000000000	0
56000	0.49180	1.00000	0.52899	0.38960	1.00000	0.748182764267921	1.000000000000000	0.075937500000000	0.010000000000000	0
56500	0.49147	1.00000	0.52867	0.38959	1.00000	0.748182764267921	1.000000000000000	0.075937500000000	0.010000000000000	0
57000	0.49124	1.00000	0.52855	0.38968	1.00000	0.748182764267921	1.000000000000000	0.075937500000000	0.010000000000000	0
57500	0.49138	1.00000	0.52864	0.38984	1.00000	0.748182764267921	1.000000000000000	0.075937500000000	0.010000000000000	0
58000	0.49128	1.00000	0.52874	0.38997	1.00000	0.748182764267921	1.000000000000000	0.075937500000000	0.010000000000000	0
58500	0.49088	1.00000	0.52891	0.39015	1.00000	0.748182764267921	1.000000000000000	0.075937500000000	0.010000000000000	0
59000	0.49098	1.00000	0.52876	0.39025	1.00000	0.748182764267921	1.000000000000000	0.075937500000000	0.010000000000000	0
59500	0.49111	1.00000	0.52888	0.39027	1.00000	0.748182764267921	1.000000000000000	0.075937500000000	0.010000000000000	0
60000	0.49133	1.00000	0.52939	0.39031	1.00000	0.748182764267921	1.000000000000000	0.075937500000000	0.010000000000000	0
60500	0.49160	1.00000	0.52964	0.39052	1.00000	0.748182764267921	1.000000000000000	0.075937500000000	0.010000000000000	0
61000	0.49152	1.00000	0.52985	0.39059	1.00000	0.748182764267921	1.000000000000000	0.075937500000000	0.010000000000000	0
61500	0.49087	1.00000	0.52993	0.39068	1.00000	0.748182764267921	1.000000000000000	0.075937500000000	0.010000000000000	0
62000	0.49088	1.00000	0.52978	0.39070	1.00000	0.748182764267921	1.000000000000000	0.075937500000000	0.010000000000000	0
62500	0.49080	1.00000	0.52937	0.39074	1.00000	0.748182764267921	1.000000000000000	0.075937500000000	0.010000000000000	0
63000	0.49037	1.00000	0.52950	0.39087	1.00000	0.748182764267921	1.000000000000000	0.075937500000000	0.010000000000000	0
63500	0.49036	1.00000	0.52918	0.39090	1.00000	0.748182764267921	1.000000000000000	0.075937500000000	0.010000000000000	0
64000	0.49045	1.00000	0.52893	0.39096	1.00000	0.748182764267921	1.000000000000000	0.075937500000000	0.010000000000000	0
64500	0.49028	1.00000	0.52865	0.39102	1.00000	0.748182764267921	1.000000000000000	0.075937500000000	0.010000000000000	0
65000	0.49063	1.00000	0.52854	0.39106	1.00000	0.748182764267921	1.000000000000000	0.075937500000000	0.010000000000000	0
65500	0.49092	1.00000	0.52862	0.39110	1.00000	0.748182764267921	1.000000000000000	0.075937500000000	0.010000000000000	0
66000	0.49087	1.00000	0.52843	0.39116	1.00000	0.748182764267921	1.000000000000000	0.075937500000000	0.010000000000000	0
66500	0.49108	1.00000	0.52836	0.39133	1.00000	0.748182764267921	1.000000000000000	0.075937500000000	0.010000000000000	0
67000	0.49082	1.00000	0.52828	0.39150	1.00000	0.748182764267921	1.000000000000000	0.075937500000000	0.010000000000000	0
67500	0.49119	1.00000	0.52835	0.39139	1.00000	0.748182764267921	1.000000000000000	0.075937500000000	0.010000000000000	0
68000	0.49125	1.00000	0.52815	0.39141	1.00000	0.748182764267921	1.000000000000000	0.075937500000000	0.010000000000000	0
68500	0.49123	1.00000	0.52783	0.39143	1.00000	0.748182764267921	1.000000000000000	0.075937500000000	0.010000000000000	0
69000	0.49121	1.00000	0.52791	0.39138	1.00000	0.748182764267921	1.000000000000000	0.075937500000000	0.010000000000000	0
69500	0.49092	1.00000	0.52784	0.39154	1.00000	0.748182764267921	1.000000000000000	0.075937500000000	0.010000000000000	0
70000	0.49083	1.00000	0.52761	0.39153	1.00000	0.748182764267921	1.000000000000000	0.075937500000000	0.010000000000000	0
70500	0.49061	1.00000	0.52765	0.39171	1.00000	0.748182764267921	1.000000000000000	0.075937500000000	0.010000000000000	0
71000	0.49083	1.00000	0.52752	0.39166	1.00000	0.748182764267921	1.000000000000000	0.075937500000000	0.010000000000000	0
71500	0.49056	1.00000	0.52706	0.39167	1.00000	0.748182764267921	1.000000000000000	0.075937500000000	0.010000000000000	0
72000	0.49070	1.00000	0.52718	0.39179	1.00000	0.748182764267921	1.000000000000000	0.075937500000000	0.010000000000000	0
72500	0.49112	1.00000	0.52740	0.39176	1.00000	0.748182764267921	1.000000000000000	0.075937500000000	0.010000000000000	0
73000	0.49108	1.00000	0.52757	0.39191	1.00000	0.748182764267921	1.000000000000000	0.075937500000000	0.010000000000000	0
73500	0.49099	1.00000	0.52775	0.39199	1.00000	0.748182764267921	1.000000000000000	0.075937500000000	0.010000000000000	0
74000	0.49102	1.00000	0.52780	0.39204	1.00000	0.748182764267921	1.000000000000000	0.075937500000000	0.010000000000000	0
74500	0.49118	1.00000	0.52765	0.39206	1.00000	0.748182764267921	1.000000000000000	0.075937500000000	0.010000000000000	0
75000	0.49078	1.00000	0.52752	0.39220	1.00000	0.748182764267921	1.000000000000000	0.075937500000000	0.010000000000000	0
75500	0.49104	1.00000	0.52718	0.39222	1.00000	0.748182764267921	1.000000000000000	0.075937500000000	0.010000000000000	0
76000	0.49089	1.00000	0.52744	0.39231	1.00000	0.748182764267921	1.000000000000000	0.075937500000000	0.010000000000000	0
76500	0.49055	1.00000	0.52758	0.39241	1.00000	0.748182764267921	1.000000000000000	0.075937500000000	0.010000000000000	0
77000	0.49061	1.00000	0.52752	0.39246	1.00000	0.748182764267921	1.000000000000000	0.075937500000000	0.010000000000000	0
77500	0.49059	1.00000	0.52735	0.39251	1.00000	0.748182764267921	1.000000000000000	0.075937500000000	0.010000000000000	0
78000	0.49060	1.00000	0.52728	0.39253	1.00000	0.748182764267921	1.000000000000000	0.075937500000000	0.010000000000000	0
78500	0.49030	1.00000	0.52725	0.39261	1.00000	0.748182764267921	1.000000000000000	0.075937500000000	0.010000000000000	0
79000	0.49022	1.00000	0.52711	0.39260	1.00000	0.748182764267921	1.000000000000000	0.075937500000000	0.010000000000000	0
79500	0.48997	1.00000	0.52713	0.39266	1.00000	0.748182764267921	1.000000000000000	0.075937500000000	0.010000000000000	0
80000	0.49004	1.00000	0.52702	0.39271	1.00000	0.748182764267921	1.000000000000000	0.075937500000000	0.010000000000000	0
80500	0.49014	1.00000	0.52681	0.39272	1.00000	0.748182764267921	1.000000000000000	0.075937500000000	0.010000000000000	0
81000	0.49019	1.00000	0.52670	0.39271	1.00000	0.748182764267921	1.000000000000000	0.075937500000000	0.010000000000000	0
81500	0.49009	1.00000	0.52659	0.39286	1.00000	0.748182764267921	1.000000000000000	0.075937500000000	0.010000000000000	0
82000	0.48985	1.00000	0.52704	0.39288	1.00000	0.748182764267921	1.000000000000000	0.075937500000000	0.010000000000000	0
82500	0.48955	1.00000	0.52724	0.39306	1.00000	0.748182764267921	1.000000000000000	0.075937500000000	0.010000000000000	0
83000	0.48962	1.00000	0.52724	0.39306	1.00000	0.748182764267921	1.000000000000000	0.075937500000000	0.010000000000000	0
83500	0.48957	1.00000	0.52726	0.39300	1.00000	0.748182764267921	1.000000000000000	0.075937500000000	0.010000000000000	0
84000	0.48958	1.00000	0.52775	0.39307	1.00000	0.748182764267921	1.000000000000000	0.075937500000000	0.010000000000000	0
84500	0.48933	1.00000	0.52768	0.39314	1.00000	0.748182764267921	1.000000000000000	0.075937500000000	0.010000000000000	0
85000	0.48949	1.00000	0.52766	0.39323	1.00000	0.748182764267921	1.000000000000000	0.075937500000000	0.010000000000000	0
85500	0.48949	1.00000	0.52763	0.39332	1.00000	0.748182764267921	1.000000000000000	0.075937500000000	0.010000000000000	0
86000	0.48932	1.00000	0.52751	0.39331	1.00000	0.748182764267921	1.000000000000000	0.075937500000000	0.010000000000000	0
86500	0.48930	1.00000	0.52744	0.39332	1.00000	0.748182764267921	1.000000000000000	0.075937500000000	0.010000000000000	0
87000	0.48936	1.00000	0.52733	0.39345	1.00000	0.748182764267921	1.000000000000000	0.075937500000000	0.010000000000000	0
87500	0.48946	1.00000	0.52745	0.39345	1.00000	0.748182764267921	1.000000000000000	0.075937500000000	0.010000000000000	0
88000	0.48957	1.00000	0.52744	0.39340	1.00000	0.748182764267921	1.000000000000000	0.075937500000000	0.010000000000000	0
88500	0.48939	1.00000	0.52751	0.39337	1.00000	0.748182764267921	1.000000000000000	0.075937500000000	0.010000000000000	0
89000	0.48945	1.00000	0.52785	0.39342	1.00000	0.748182764267921	1.000000000000000	0.075937500000000	0.010000000000000	0
89500	0.48954	1.00000	0.52783	0.39344	1.00000	0.748182764267921	1.000000000000000	0.075937500000000	0.010000000000000	0
90000	0.48930	1.00000	0.52752	0.39353	1.00000	0.748182764267921	1.000000000000000	0.075937500000000	0.010000000000000	0
90500	0.48941	1.00000	0.52749	0.39363	1.00000	0.748182764267921	1.000000000000000	0.075937500000000	0.010000000000000	0
91000	0.48928	1.00000	0.52759	0.39368	1.00000	0.748182764267921	1.000000000000000	0.075937500000000	0.010000000000000	0
91500	0.48906	1.00000	0.52757	0.39374	1.00000	0.748182764267921	1.000000000000000	0.075937500000000	0.010000000000000	0
92000	0.48927	1.00000	0.52755	0.39379	1.00000	0.748182764267921	1.000000000000000	0.075937500000000	0.010000000000000	0
92500	0.48909	1.00000	0.52747	0.39386	1.00000	0.748182764267921	1.000000000000000	0.075937500000000	0.010000000000000	0
93000	0.48910	1.00000	0.52749	0.39382	1.00000	0.748182764267921	1.000000000000000	0.075937500000000	0.010000000000000	0
93500	0.48931	1.00000	0.52746	0.39379	1.00000	0.748182764267921	1.000000000000000	0.075937500000000	0.010000000000000	0
94000	0.48927	1.00000	0.52728	0.39379	1.00000	0.748182764267921	1.000000000000000	0.075937500000000	0.010000000000000	0
94500	0.48941	1.00000	0.52759	0.39382	1.00000	0.748182764267921	1.000000000000000	0.075937500000000	0.010000000000000	0
95000	0.48943	1.00000	0.52755	0.39374	1.00000	0.748182764267921	1.000000000000000	0.075937500000000	0.010000000000000	0
95500	0.48949	1.00000	0.52724	0.39382	1.00000	0.748182764267921	1.000000000000000	0.075937500000000	0.010000000000000	0
96000	0.48956	1.00000	0.52728	0.39380	1.00000	0.748182764267921	1.000000000000000	0.075937500000000	0.010000000000000	0
96500	0.48950	1.00000	0.52736	0.39385	1.00000	0.748182764267921	1.000000000000000	0.075937500000000	0.010000000000000	0
97000	0.48956	1.00000	0.52740	0.39381	1.00000	0.748182764267921	1.000000000000000	0.075937500000000	0.010000000000000	0
97500	0.48956	1.00000	0.52747	0.39378	1.00000	0.748182764267921	1.000000000000000	0.075937500000000	0.010000000000000	0
98000	0.48959	1.00000	0.52750	0.39377	1.00000	0.748182764267921	1.000000000000000	0.075937500000000	0.010000000000000	0
98500	0.48950	1.00000	0.52749	0.39382	1.00000	0.748182764267921	1.000000000000000	0.075937500000000	0.010000000000000	0
99000	0.48932	1.00000	0.52741	0.39379	1.00000	0.748182764267921	1.000000000000000	0.075937500000000	0.010000000000000	0
99500	0.48942	1.00000	0.52714	0.39386	1.00000	0.748182764267921	1.000000000000000	0.075937500000000	0.010000000000000	0
100000	0.48957	1.00000	0.52727	0.39385	1.00000	0.748182764267921	1.000000000000000	0.075937500000000	0.010000000000000	0