step	post	like	prior	mu1	mu2	gamma	pi	spa1	Tinf_1	Tinf_2	Tinf_3	Tinf_4	Tinf_5	Tinf_6	Tinf_7	Tinf_8	Tinf_9	Tinf_10	Tinf_11	alpha_1	alpha_2	alpha_3	alpha_4	alpha_5	alpha_6	alpha_7	alpha_8	alpha_9	alpha_10	alpha_11	kappa_1	kappa_2	kappa_3	kappa_4	kappa_5	kappa_6	kappa_7	kappa_8	kappa_9	kappa_10	kappa_11
1	-147.464544891178775	-149.216569232866590	1.752024341687821	0.000100000000000	0.000100000000000	1.000000000000000	0.940660099355353	0.000000000000000	16083	16089	16107	16112	16117	16124	16132	16135	16133	16139	16102	0	1	1	3	3	1	1	5	11	8	1	1	1	1	1	1	1	1	1	1	1	1
500	-131.399348965734760	-131.894105939731048	0.494756973996298	0.000099973637273	0.000099973637273	1.000000000000000	0.818018938047767	0.000000000000000	16083	16089	16107	16112	16117	16124	16132	16134	16131	16139	16102	0	1	1	1	1	5	5	5	5	6	1	1	1	1	1	1	1	1	1	1	1	1
1000	-130.486082829142134	-131.780365786694944	1.294282957552814	0.000099670852872	0.000099670852872	1.000000000000000	0.894014244397893	0.000000000000000	16083	16089	16107	16112	16117	16124	16132	16135	16133	16138	16102	0	1	1	1	1	1	1	6	6	5	1	1	1	1	1	1	1	1	1	1	1	1
1500	-129.359547359430223	-131.069805802987759	1.710258443557549	0.000099318947970	0.000099318947970	1.000000000000000	0.936304933263172	0.000000000000000	16083	16089	16107	16112	16117	16124	16132	16135	16133	16139	16102	0	1	1	1	1	5	5	11	1	9	1	1	1	1	1	1	1	1	1	1	1	1
2000	-128.092349231005301	-130.127572804836888	2.035223573831585	0.000099161527270	0.000099161527270	1.000000000000000	0.970730075471288	0.000000000000000	16083	16089	16107	16112	16117	16124	16132	16135	16133	16139	16102	0	1	1	1	1	5	5	5	6	6	1	1	1	1	1	1	1	1	1	1	1	1
2500	-128.048690585828922	-130.308424650839356	2.259734065010426	0.000099029911181	0.000099029911181	1.000000000000000	0.995250091334294	0.000000000000000	16083	16089	16107	16112	16117	16124	16132	16135	16133	16139	16102	0	1	1	1	1	5	1	6	5	6	1	1	1	1	1	1	1	1	1	1	1	1
3000	-128.842095313602186	-130.878979562186942	2.036884248584743	0.000097848983672	0.000097848983672	1.000000000000000	0.970909210545336	0.000000000000000	16083	16089	16107	16112	16117	16124	16132	16135	16133	16139	16102	0	1	1	1	1	1	5	6	5	11	1	1	1	1	1	1	1	1	1	1	1	1
3500	-129.172265449505744	-130.894626373080712	1.722360923574973	0.000101497994445	0.000101497994445	1.000000000000000	0.937564848161368	0.000000000000000	16083	16089	16107	16112	16117	16124	16131	16135	16133	16139	16102	0	1	1	1	1	5	5	1	6	5	1	1	1	1	1	1	1	1	1	1	1	1
4000	-128.261468974623625	-130.433599820837742	2.172130846214113	0.000093542228747	0.000093542228747	1.000000000000000	0.985609629254566	0.000000000000000	16083	16089	16107	16112	16117	16124	16132	16135	16133	16138	16102	0	1	1	1	1	1	5	6	6	9	1	1	1	1	1	1	1	1	1	1	1	1
4500	-129.589359614357136	-131.264888876480882	1.675529262123738	0.000093436741869	0.000093436741869	1.000000000000000	0.932698883701116	0.000000000000000	16083	16089	16107	16112	16117	16124	16132	16135	16133	16139	16102	0	1	1	1	1	5	1	11	6	9	1	1	1	1	1	1	1	1	1	1	1	1
5000	-127.583838024920738	-129.734779848849399	2.150941823928655	0.000113842000678	0.000113842000678	1.000000000000000	0.983291902634195	0.000000000000000	16083	16089	16107	16112	16117	16124	16132	16135	16133	16139	16102	0	1	1	1	1	5	1	5	6	8	1	1	1	1	1	1	1	1	1	1	1	1
5500	-126.383954951340101	-128.560665971727843	2.176711020387749	0.000144236667469	0.000144236667469	1.000000000000000	0.986111341769799	0.000000000000000	16083	16089	16107	16112	16117	16124	16132	16135	16133	16139	16102	0	1	1	1	1	5	6	5	5	5	1	1	1	1	1	1	1	1	1	1	1	1
6000	-126.515338741703673	-128.803485126344185	2.288146384640507	0.000166396065557	0.000166396065557	1.000000000000000	0.998396985274653	0.000000000000000	16083	16089	16107	16112	16117	16124	16132	16135	16133	16139	16102	0	1	1	1	1	5	1	1	5	5	1	1	1	1	1	1	1	1	1	1	1	1
6500	-130.238938141266260	-131.793123048409797	1.554184907143542	0.000169350392743	0.000169350392743	1.000000000000000	0.920207973618302	0.000000000000000	16083	16088	16107	16112	16117	16124	16128	16135	16133	16139	16102	0	1	1	1	1	5	5	5	5	8	1	1	1	1	2	1	1	1	1	1	1	1
7000	-125.468561590206491	-127.524461962090498	2.055900371884002	0.000227537449234	0.000227537449234	1.000000000000000	0.972962815899826	0.000000000000000	16083	16089	16107	16112	16117	16124	16132	16133	16133	16139	16102	0	1	1	1	1	5	1	6	1	8	1	1	1	1	1	1	1	1	1	1	1	1
7500	-124.837996054664032	-126.292092418143696	1.454096363479662	0.000395078049052	0.000395078049052	1.000000000000000	0.910031080643137	0.000000000000000	16083	16089	16107	16112	16117	16124	16132	16135	16131	16139	16102	0	1	1	1	1	1	6	11	1	6	1	1	1	1	1	1	1	1	1	1	1	1
8000	-111.386832481434652	-113.542553216878161	2.155720735443505	0.007185297466634	0.007185297466634	1.000000000000000	0.983814159611468	0.000000000000000	16083	16089	16107	16112	16117	16124	16132	16135	16133	16137	16102	0	1	1	1	1	5	6	1	5	6	1	1	1	1	1	1	1	1	1	1	1	1
8500	-106.261083889850326	-108.239322403299340	1.978238513449020	0.046455244749884	0.046455244749884	1.000000000000000	0.964603147021248	0.000000000000000	16083	16087	16107	16112	16117	16124	16132	16135	16133	16139	16102	0	1	1	1	1	1	5	1	5	6	1	1	1	1	1	1	1	1	1	1	1	1
9000	-111.797620074076576	-113.368960603910438	1.571340529833866	0.144453384997796	0.144453384997796	1.000000000000000	0.921963728789855	0.000000000000000	16083	16089	16107	16112	16117	16124	16132	16135	16133	16139	16102	0	1	1	2	3	1	1	6	5	1	2	1	1	1	1	1	1	1	1	1	1	1
9500	-110.639955144702498	-112.264486131344086	1.624530986641592	0.156718996618774	0.156718996618774	1.000000000000000	0.927428714486941	0.000000000000000	16083	16089	16107	16112	16117	16123	16132	16135	16133	16139	16102	0	1	1	1	2	5	6	11	6	8	1	1	1	1	2	1	1	1	1	1	1	1
10000	-108.021699546231588	-110.311990277590468	2.290290731358875	0.128942879989689	0.128942879989689	1.000000000000000	0.998634892426496	0.000000000000000	16083	16089	16107	16112	16117	16124	16132	16135	16133	16139	16102	0	1	1	1	1	5	5	4	5	3	1	1	1	1	1	1	1	1	1	1	1	1
10500	-109.343167488560482	-110.156254912013083	0.813087423452605	0.159671269377532	0.159671269377532	1.000000000000000	0.847470082648663	0.000000000000000	16083	16089	16107	16112	16117	16124	16132	16135	16133	16139	16102	0	1	1	1	1	4	1	6	6	9	1	1	1	1	1	1	1	1	1	1	1	1
11000	-111.969879141745608	-113.700153435975551	1.730274294229945	0.174970439838232	0.174970439838232	1.000000000000000	0.938389577147085	0.000000000000000	16083	16087	16107	16112	16115	16124	16132	16135	16132	16139	16102	0	1	1	2	2	3	4	5	6	9	1	1	1	1	1	1	1	1	1	1	1	1
11500	-107.380289648876541	-108.638835352992572	1.258545704116033	0.119172622371845	0.119172622371845	1.000000000000000	0.890471326103786	0.000000000000000	16083	16089	16107	16112	16117	16124	16132	16135	16133	16138	16102	0	1	1	1	1	5	5	1	1	1	1	1	1	1	1	1	1	1	1	1	1	1
12000	-106.924862345803987	-108.984089019290749	2.059226673486760	0.033344782447282	0.033344782447282	1.000000000000000	0.973322478778794	0.000000000000000	16083	16087	16107	16112	16117	16124	16132	16135	16133	16139	16102	0	1	1	1	1	5	1	1	5	6	1	1	1	1	1	1	1	1	1	1	1	1
12500	-109.628255950469281	-111.015966169246539	1.387710218777254	0.222495464783796	0.222495464783796	1.000000000000000	0.903343170663985	0.000000000000000	16083	16089	16107	16112	16117	16124	16132	16135	16133	16139	16102	0	1	1	2	1	5	5	1	1	8	1	1	1	1	1	1	1	1	1	1	1	1
13000	-109.245783813544477	-111.265388274865046	2.019604461320570	0.174670060638675	0.174670060638675	1.000000000000000	0.969046876201830	0.000000000000000	16083	16089	16107	16112	16116	16124	16132	16135	16133	16136	16102	0	1	2	1	1	5	6	7	6	8	2	1	1	1	1	1	1	1	1	1	1	1
13500	-109.946573234286021	-112.001621508939479	2.055048274653463	0.208033589214900	0.208033589214900	1.000000000000000	0.972870702602550	0.000000000000000	16083	16089	16107	16112	16117	16124	16132	16135	16133	16139	16102	0	1	1	1	4	1	6	3	5	7	1	1	1	1	1	1	1	1	1	1	1	1
14000	-106.785761185592932	-108.723315988801360	1.937554803208428	0.093933295691086	0.093933295691086	1.000000000000000	0.960252583718223	0.000000000000000	16083	16089	16107	16112	16117	16124	16132	16135	16133	16139	16102	0	1	1	1	3	1	6	11	6	8	1	1	1	1	1	1	1	1	1	1	1	1
14500	-112.468286955629509	-114.192108566697684	1.723821611068176	0.204454124245134	0.204454124245134	1.000000000000000	0.937717025982134	0.000000000000000	16083	16089	16107	16112	16117	16124	16132	16135	16133	16139	16101	0	1	2	1	1	1	1	1	6	9	1	1	1	1	2	1	1	1	1	1	1	1
15000	-107.158405546950931	-109.385902662685510	2.227497115734581	0.146873556790752	0.146873556790752	1.000000000000000	0.991691598557154	0.000000000000000	16083	16089	16106	16112	16117	16124	16132	16132	16133	16139	16102	0	1	1	1	1	1	6	6	2	1	1	1	1	1	1	1	1	1	1	1	1	1
15500	-114.786119247887868	-115.153604213592871	0.367484965705009	0.162913529892573	0.162913529892573	1.000000000000000	0.806532467248585	0.000000000000000	16083	16089	16107	16112	16117	16124	16132	16135	16133	16139	16102	0	1	1	3	1	1	6	5	3	9	1	1	1	1	1	2	1	1	1	1	1	1
16000	-110.162814985751623	-111.542350460545336	1.379535474793717	0.253054538965784	0.253054538965784	1.000000000000000	0.902523032171665	0.000000000000000	16083	16089	16107	16111	16117	16124	16132	16135	16133	16139	16102	0	1	1	3	1	5	5	7	6	9	1	1	1	1	1	1	1	1	1	1	1	1
16500	-108.934911917927963	-111.085201308431422	2.150289390503457	0.201625254258328	0.201625254258328	1.000000000000000	0.983220623828485	0.000000000000000	16083	16089	16107	16112	16117	16124	16132	16135	16133	16136	16102	0	1	2	2	1	1	1	6	5	6	1	1	1	1	1	1	1	1	1	1	1	1
17000	-107.588202701707687	-109.677466559237374	2.089263857529683	0.065461527764328	0.065461527764328	1.000000000000000	0.976576335177374	0.000000000000000	16083	16089	16107	16112	16117	16124	16129	16135	16133	16139	16102	0	1	1	1	1	4	6	6	5	1	1	1	1	1	1	1	1	1	1	1	1	1
17500	-106.830439980246666	-108.738428439031935	1.907988458785268	0.194491207113558	0.194491207113558	1.000000000000000	0.957103186490428	0.000000000000000	16083	16089	16107	16112	16117	16124	16132	16135	16133	16139	16102	0	1	1	1	1	5	1	11	1	9	1	1	1	1	1	1	1	1	1	1	1	1
18000	-109.783788706939504	-110.887507231275237	1.103718524335735	0.209389516058050	0.209389516058050	1.000000000000000	0.875283542524423	0.000000000000000	16083	16089	16107	16112	16117	16124	16132	16134	16133	16138	16102	0	1	1	1	1	1	1	6	6	8	2	1	1	1	1	1	1	1	1	1	1	1
18500	-106.513490437962986	-108.066549207706501	1.553058769743518	0.104032962754562	0.104032962754562	1.000000000000000	0.920092838531127	0.000000000000000	16083	16089	16107	16112	16116	16124	16132	16135	16133	16139	16102	0	1	1	1	1	1	1	1	6	6	1	1	1	1	1	1	1	1	1	1	1	1
19000	-105.309973511575393	-106.979804768443032	1.669831256867635	0.093744833293874	0.093744833293874	1.000000000000000	0.932108568017417	0.000000000000000	16083	16088	16107	16112	16117	16124	16132	16135	16133	16139	16102	0	1	1	1	1	5	5	6	1	9	1	1	1	1	1	1	1	1	1	1	1	1
19500	-109.678989125552690	-111.788490115808230	2.109500990255547	0.116588070188218	0.116588070188218	1.000000000000000	0.978774706392998	0.000000000000000	16083	16089	16105	16112	16117	16124	16132	16135	16133	16139	16102	0	1	2	3	2	5	6	5	6	6	1	1	1	1	1	1	1	1	1	1	1	1
20000	-112.660661676018634	-114.524866233809888	1.864204557791255	0.196858782571677	0.196858782571677	1.000000000000000	0.952458303915867	0.000000000000000	16083	16089	16107	16112	16117	16124	16132	16135	16133	16139	16102	0	1	1	2	1	5	3	7	7	7	1	1	1	1	1	1	1	1	1	1	1	1
20500	-109.327677371253017	-111.376297799370192	2.048620428117173	0.161916133750717	0.161916133750717	1.000000000000000	0.972176121382605	0.000000000000000	16083	16089	16107	16112	16117	16124	16132	16135	16132	16139	16102	0	1	1	2	1	1	2	6	1	5	1	1	1	1	1	1	1	1	1	1	1	1
21000	-109.219525536479736	-111.247405537354538	2.027880000874798	0.073071433783234	0.073071433783234	1.000000000000000	0.969938328847879	0.000000000000000	16083	16089	16107	16112	16117	16124	16132	16135	16133	16139	16102	0	1	1	1	3	5	5	5	4	8	1	1	1	1	1	1	1	1	1	1	1	1
21500	-112.824950014860775	-114.665536968488226	1.840586953627456	0.299602059756641	0.299602059756641	1.000000000000000	0.949962160155328	0.000000000000000	16083	16089	16107	16112	16116	16124	16132	16135	16133	16139	16102	0	1	1	1	4	3	4	11	4	6	1	1	1	1	1	1	1	1	1	1	1	1
22000	-115.928160391611058	-116.975237409323569	1.047077017712507	0.297595067511514	0.297595067511514	1.000000000000000	0.869792242779911	0.000000000000000	16083	16089	16107	16112	16117	16124	16132	16135	16133	16139	16102	0	1	1	2	1	1	6	6	5	5	2	1	1	1	2	1	1	1	1	1	1	1
22500	-108.181702120488595	-110.342692507651321	2.160990387162733	0.168450691559320	0.168450691559320	1.000000000000000	0.984390368060175	0.000000000000000	16083	16089	16107	16112	16117	16124	16132	16135	16133	16139	16102	0	1	1	3	1	4	5	1	6	5	1	1	1	1	1	1	1	1	1	1	1	1
23000	-110.770937918431073	-112.980768892145903	2.209830973714830	0.247834100381512	0.247834100381512	1.000000000000000	0.989746911730108	0.000000000000000	16083	16089	16107	16112	16117	16124	16132	16135	16133	16137	16102	0	1	1	1	4	1	3	6	1	4	1	1	1	1	1	1	1	1	1	1	1	1
23500	-105.910836428710439	-108.075712157365174	2.164875728654734	0.124879890361628	0.124879890361628	1.000000000000000	0.984815425663387	0.000000000000000	16083	16087	16107	16112	16117	16124	16132	16135	16133	16139	16102	0	1	1	1	3	5	6	1	6	8	1	1	1	1	1	1	1	1	1	1	1	1
24000	-116.461367175382179	-118.115774742248831	1.654407566866653	0.186013056219452	0.186013056219452	1.000000000000000	0.930512541153747	0.000000000000000	16083	16089	16107	16112	16117	16124	16132	16135	16133	16139	16098	0	1	1	2	3	1	2	5	1	1	2	1	1	1	1	1	1	2	1	1	1	1
24500	-110.307360320392164	-112.328679124396174	2.021318804004012	0.195068425018161	0.195068425018161	1.000000000000000	0.969231480274544	0.000000000000000	16083	16089	16107	16112	16117	16124	16132	16135	16133	16139	16102	0	1	1	3	1	5	1	5	1	7	2	1	1	1	1	1	1	1	1	1	1	1
25000	-110.260264092095028	-112.462577723593512	2.202313631498478	0.173757297025183	0.173757297025183	1.000000000000000	0.988920560638031	0.000000000000000	16083	16089	16107	16112	16117	16124	16132	16135	16133	16137	16102	0	1	1	2	2	5	6	1	4	1	1	1	1	1	1	1	1	1	1	1	1	1
25500	-108.512024332066602	-110.789657297057005	2.277632964990401	0.121862745684444	0.121862745684444	1.000000000000000	0.997231381047157	0.000000000000000	16083	16089	16107	16112	16117	16124	16132	16135	16133	16139	16102	0	1	1	1	1	5	5	7	1	2	1	1	1	1	1	1	1	1	1	1	1	1
26000	-108.365389443148757	-109.634123748309264	1.268734305160508	0.091172551262619	0.091172551262619	1.000000000000000	0.891479969931397	0.000000000000000	16083	16088	16107	16112	16117	16124	16132	16135	16133	16139	16102	0	1	1	1	2	5	6	11	5	5	1	1	1	1	1	1	1	1	1	1	1	1
26500	-114.000582148449723	-115.859915888880096	1.859333740430369	0.083249780166690	0.083249780166690	1.000000000000000	0.951942971106642	0.000000000000000	16083	16089	16107	16112	16117	16124	16132	16135	16133	16139	16102	0	1	1	2	3	1	5	5	1	1	1	1	1	1	1	1	2	1	1	1	1	1
27000	-105.685198842296174	-107.404555236583818	1.719356394287645	0.067200865815416	0.067200865815416	1.000000000000000	0.937251906950436	0.000000000000000	16083	16089	16107	16112	16117	16124	16132	16135	16133	16139	16102	0	1	1	1	1	1	6	11	5	9	1	1	1	1	1	1	1	1	1	1	1	1
27500	-109.856933592538525	-112.074577918774153	2.217644326235628	0.273440204117165	0.273440204117165	1.000000000000000	0.990606533875356	0.000000000000000	16083	16089	16107	16112	16117	16124	16132	16135	16131	16139	16102	0	1	1	3	1	5	6	2	1	9	1	1	1	1	1	1	1	1	1	1	1	1
28000	-107.858563825449366	-108.717319979618566	0.858756154169204	0.106049581654718	0.106049581654718	1.000000000000000	0.851781332024436	0.000000000000000	16083	16089	16107	16112	16117	16124	16132	16135	16133	16139	16100	0	1	1	1	1	1	1	11	6	5	1	1	1	1	1	1	1	1	1	1	1	1
28500	-108.928291943029421	-111.010513751996186	2.082221808966769	0.046419575497097	0.046419575497097	1.000000000000000	0.975812512045463	0.000000000000000	16083	16087	16107	16112	16117	16124	16132	16135	16133	16139	16102	0	1	1	1	1	1	1	6	4	9	1	1	1	1	1	1	1	1	1	1	1	1
29000	-112.399419385234680	-114.349064478584410	1.949645093349726	0.209354338029935	0.209354338029935	1.000000000000000	0.961543420817834	0.000000000000000	16083	16089	16107	16112	16117	16124	16132	16134	16133	16139	16102	0	1	1	1	1	1	6	11	1	1	2	1	1	1	1	1	1	1	1	2	1	1
29500	-109.929169416820343	-111.546424208711002	1.617254791890659	0.249840381721419	0.249840381721419	1.000000000000000	0.926679222836585	0.000000000000000	16083	16089	16107	16112	16117	16124	16132	16135	16133	16139	16102	0	1	1	3	3	5	6	6	6	1	1	1	1	1	1	1	1	1	1	1	1	1
30000	-108.441519436168363	-110.613631837790010	2.172112401621646	0.197822177707888	0.197822177707888	1.000000000000000	0.985607609349086	0.000000000000000	16083	16089	16107	16112	16117	16124	16132	16135	16133	16139	16102	0	1	1	1	1	1	6	6	4	7	1	1	1	1	1	1	1	1	1	1	1	1
30500	-107.960661953084042	-109.860080364232331	1.899418411148289	0.181851550928258	0.181851550928258	1.000000000000000	0.956192240284200	0.000000000000000	16083	16089	16107	16112	16117	16124	16132	16135	16133	16139	16102	0	1	1	1	1	5	1	11	2	8	1	1	1	1	1	1	1	1	1	1	1	1
31000	-104.658019033667529	-106.947905220162340	2.289886186494817	0.086951880719861	0.086951880719861	1.000000000000000	0.998590005366794	0.000000000000000	16083	16088	16107	16112	16117	16124	16132	16135	16133	16139	16102	0	1	1	1	1	5	1	1	6	5	1	1	1	1	1	1	1	1	1	1	1	1
31500	-109.315787922912108	-111.503093060780486	2.187305137868381	0.270182476918887	0.270182476918887	1.000000000000000	0.987272800715682	0.000000000000000	16083	16089	16107	16111	16117	16124	16132	16135	16133	16139	16102	0	1	1	2	4	5	6	1	5	8	1	1	1	1	1	1	1	1	1	1	1	1
32000	-108.893842081084600	-110.998892007601796	2.105049926517197	0.256077337524275	0.256077337524275	1.000000000000000	0.978290760673194	0.000000000000000	16083	16086	16107	16112	16117	16124	16132	16135	16133	16139	16102	0	1	2	1	1	5	1	11	6	5	1	1	1	1	1	1	1	1	1	1	1	1
32500	-109.018769796684694	-110.324936304463051	1.306166507778360	0.143462931531773	0.143462931531773	1.000000000000000	0.895195475535768	0.000000000000000	16083	16089	16107	16112	16117	16124	16131	16135	16133	16139	16102	0	1	2	1	1	1	1	11	5	5	1	1	1	1	1	1	1	1	1	1	1	1
33000	-110.276155261586737	-111.558816041773156	1.282660780186421	0.207913233609617	0.207913233609617	1.000000000000000	0.892860501489989	0.000000000000000	16083	16085	16107	16112	16117	16123	16132	16135	16133	16139	16102	0	1	2	3	1	5	6	5	1	6	1	1	1	1	1	1	1	1	1	1	1	1
33500	-111.322185508381168	-113.155886042142740	1.833700533761569	0.260255868091473	0.260255868091473	1.000000000000000	0.949235567248597	0.000000000000000	16083	16089	16107	16112	16117	16124	16132	16135	16132	16139	16102	0	1	1	3	4	1	6	6	1	3	1	1	1	1	1	1	1	1	1	1	1	1
34000	-107.579528804702051	-109.563051260492671	1.983522455790626	0.141836090749003	0.141836090749003	1.000000000000000	0.965169636344959	0.000000000000000	16083	16089	16107	16112	16117	16124	16132	16135	16133	16139	16102	0	1	1	1	4	5	5	6	6	8	2	1	1	1	1	1	1	1	1	1	1	1
34500	-108.313310679209707	-110.476177694304397	2.162867015094696	0.115856153946665	0.115856153946665	1.000000000000000	0.984595648845929	0.000000000000000	16083	16089	16107	16112	16117	16124	16132	16135	16133	16139	16102	0	1	1	1	3	1	1	7	6	9	1	1	1	1	1	1	1	1	1	1	1	1
35000	-112.434566443456049	-114.318301775908182	1.883735332452140	0.300295738184398	0.300295738184398	1.000000000000000	0.954527464733236	0.000000000000000	16083	16089	16107	16112	16117	16119	16132	16135	16133	16139	16102	0	1	1	3	4	1	2	7	6	8	1	1	1	1	1	1	1	1	1	1	1	1
35500	-107.944974863603036	-110.161881546705587	2.216906683102551	0.183363632875286	0.183363632875286	1.000000000000000	0.990525346746098	0.000000000000000	16083	16089	16107	16112	16117	16124	16132	16135	16133	16139	16102	0	1	2	2	1	5	1	6	6	8	1	1	1	1	1	1	1	1	1	1	1	1
36000	-109.402512001760627	-111.574743171001302	2.172231169240671	0.150314850517410	0.150314850517410	1.000000000000000	0.985620615909246	0.000000000000000	16083	16089	16107	16112	16117	16124	16132	16135	16133	16139	16102	0	1	1	1	3	3	5	5	5	6	2	1	1	1	1	1	1	1	1	1	1	1
36500	-108.673754866303952	-110.725455958225893	2.051701091921937	0.238149270321630	0.238149270321630	1.000000000000000	0.972508950318913	0.000000000000000	16083	16089	16107	16112	16117	16121	16132	16135	16133	16139	16102	0	1	1	1	3	5	5	5	7	6	1	1	1	1	1	1	1	1	1	1	1	1
37000	-109.097351277712562	-110.706141739581014	1.608790461868454	0.149870276042156	0.149870276042156	1.000000000000000	0.925808108226790	0.000000000000000	16083	16089	16107	16112	16117	16124	16132	16135	16133	16139	16102	0	1	1	3	1	4	6	1	5	9	1	1	1	1	1	1	1	1	1	1	1	1
37500	-111.547972917593896	-111.659735043860763	0.111762126266870	0.187428959814060	0.187428959814060	1.000000000000000	0.783938446304421	0.000000000000000	16083	16089	16107	16111	16117	16124	16132	16135	16133	16139	16102	0	1	2	1	1	5	6	1	1	8	1	1	1	1	1	1	1	1	1	1	1	1
38000	-107.009418142674377	-109.248733295840211	2.239315153165838	0.130671425314541	0.130671425314541	1.000000000000000	0.992994659285723	0.000000000000000	16083	16089	16107	16112	16117	16124	16132	16135	16133	16139	16101	0	1	1	1	1	1	1	11	3	9	1	1	1	1	1	1	1	1	1	1	1	1
38500	-110.333993864372076	-112.396896025114799	2.062902160742728	0.289789293390739	0.289789293390739	1.000000000000000	0.973720052662777	0.000000000000000	16083	16089	16107	16112	16117	16124	16131	16135	16133	16138	16102	0	1	1	1	3	1	3	6	5	8	1	1	1	1	1	1	1	1	1	1	1	1
39000	-110.585487882521377	-112.115395339031750	1.529907456510375	0.150062896288684	0.150062896288684	1.000000000000000	0.917729062584598	0.000000000000000	16083	16089	16107	16112	16117	16124	16132	16135	16133	16139	16102	0	1	1	3	1	5	4	7	6	5	1	1	1	1	1	1	1	1	1	1	1	1
39500	-108.897487278056843	-110.761128702598484	1.863641424541637	0.121959852085610	0.121959852085610	1.000000000000000	0.952398710120311	0.000000000000000	16083	16089	16107	16112	16117	16124	16130	16135	16133	16139	16102	0	1	2	1	1	5	1	6	4	8	1	1	1	1	1	1	1	1	1	1	1	1
40000	-111.120679444047411	-113.136707778722922	2.016028334675512	0.260729511272428	0.260729511272428	1.000000000000000	0.968661904429074	0.000000000000000	16083	16089	16107	16112	16115	16124	16132	16135	16132	16139	16102	0	1	1	3	3	1	6	1	5	3	1	1	1	1	1	1	1	1	1	1	1	1
40500	-107.427904412865757	-109.708896542935932	2.280992130070181	0.221291140278476	0.221291140278476	1.000000000000000	0.997603657720732	0.000000000000000	16083	16089	16107	16112	16117	16124	16129	16135	16133	16139	16102	0	1	1	2	1	5	1	5	5	6	1	1	1	1	1	1	1	1	1	1	1	1
41000	-110.820117030489982	-112.484875176703582	1.664758146213594	0.184722368513303	0.184722368513303	1.000000000000000	0.931583306081195	0.000000000000000	16083	16089	16107	16112	16117	16124	16132	16135	16133	16139	16102	0	1	1	3	1	1	5	2	6	8	2	1	1	1	1	1	1	1	1	1	1	1
41500	-105.708357536454585	-107.626165357045906	1.917807820591315	0.059029332948180	0.059029332948180	1.000000000000000	0.958147994403155	0.000000000000000	16083	16089	16105	16112	16117	16124	16132	16135	16133	16139	16101	0	1	1	1	1	5	1	6	1	9	1	1	1	1	1	1	1	1	1	1	1	1
42000	-110.906767429394279	-113.206822329916079	2.300054900521807	0.249381411828439	0.249381411828439	1.000000000000000	0.999718907017123	0.000000000000000	16083	16089	16107	16112	16117	16124	16132	16134	16133	16139	16102	0	1	1	3	2	3	5	3	5	6	1	1	1	1	1	1	1	1	1	1	1	1
42500	-115.779663302007890	-117.320474505226684	1.540811203218790	0.149359430919243	0.149359430919243	1.000000000000000	0.918841590293578	0.000000000000000	16083	16089	16107	16112	16117	16124	16132	16135	16133	16139	16102	0	1	2	2	4	5	2	1	5	9	1	1	1	1	1	1	1	2	1	1	1	1
43000	-108.666772401370977	-110.758755280583770	2.091982879212788	0.106146791972181	0.106146791972181	1.000000000000000	0.976871416663689	0.000000000000000	16083	16089	16107	16112	16116	16124	16132	16134	16133	16139	16102	0	1	1	1	3	4	1	5	5	6	1	1	1	1	1	1	1	1	1	1	1	1
43500	-108.284757519386559	-110.542897763250991	2.258140243864436	0.116038326398506	0.116038326398506	1.000000000000000	0.995073856868309	0.000000000000000	16083	16089	16107	16112	16117	16124	16132	16135	16133	16139	16102	0	1	1	2	1	5	1	3	5	8	1	1	1	1	1	1	1	1	1	1	1	1
44000	-115.356286695009132	-113.896199307218609	-1.460087387790521	0.076929801813524	0.076929801813524	1.000000000000000	0.658313037379530	0.000000000000000	16083	16089	16105	16112	16117	16124	16132	16135	16133	16139	16102	0	1	1	1	1	1	2	11	5	5	1	1	1	1	1	1	1	1	1	1	1	1
44500	-107.009588683606012	-109.071565545895339	2.061976862289322	0.076425403120090	0.076425403120090	1.000000000000000	0.973619948735556	0.000000000000000	16083	16089	16107	16112	16117	16124	16132	16130	16133	16139	16102	0	1	1	1	3	1	6	5	5	5	1	1	1	1	1	1	1	1	1	1	1	1
45000	-108.044244906925826	-110.312775555685590	2.268530648759766	0.128729765669976	0.128729765669976	1.000000000000000	0.996223322516234	0.000000000000000	16083	16089	16107	16112	16117	16124	16132	16135	16133	16137	16102	0	1	1	1	2	5	5	5	1	7	1	1	1	1	1	1	1	1	1	1	1	1
45500	-110.259345363383474	-112.184333465785869	1.924988102402396	0.127094804188205	0.127094804188205	1.000000000000000	0.958912718594163	0.000000000000000	16083	16089	16107	16112	16117	16124	16132	16135	16133	16139	16102	0	1	1	2	4	5	1	7	5	6	1	1	1	1	1	1	1	1	1	1	1	1
46000	-111.299088643147769	-113.545554349653500	2.246465706505735	0.180001965214572	0.180001965214572	1.000000000000000	0.993783912919490	0.000000000000000	16083	16089	16107	16112	16117	16124	16132	16135	16133	16139	16102	0	1	2	3	3	1	1	11	3	9	1	1	1	1	1	1	1	1	1	1	1	1
46500	-110.276846364884662	-111.663513854600950	1.386667489716290	0.252091757422430	0.252091757422430	1.000000000000000	0.903238516484869	0.000000000000000	16083	16089	16107	16112	16117	16124	16132	16135	16133	16139	16101	0	1	1	1	1	5	1	6	1	8	2	1	1	1	1	1	1	1	1	1	1	1
47000	-108.893492037968699	-111.050717315905771	2.157225277937068	0.233155162616375	0.233155162616375	1.000000000000000	0.983978638937971	0.000000000000000	16083	16088	16107	16112	16117	16123	16132	16135	16133	16139	16102	0	1	2	1	1	4	5	5	5	5	1	1	1	1	1	1	1	1	1	1	1	1
47500	-114.409135707646669	-115.662357209164739	1.253221501518077	0.359170498843175	0.359170498843175	1.000000000000000	0.889944698584472	0.000000000000000	16083	16089	16107	16112	16117	16124	16132	16135	16133	16139	16102	0	1	1	1	1	1	1	11	6	9	2	1	1	1	1	1	1	1	1	1	1	1
48000	-104.985656574939014	-106.835863484014254	1.850206909075238	0.073265959840514	0.073265959840514	1.000000000000000	0.950978102316038	0.000000000000000	16083	16089	16107	16112	16117	16124	16132	16135	16133	16139	16102	0	1	1	1	1	5	6	11	5	6	1	1	1	1	1	1	1	1	1	1	1	1
48500	-108.416581963844038	-110.607893090072650	2.191311126228606	0.187880817558875	0.187880817558875	1.000000000000000	0.987712343347244	0.000000000000000	16083	16089	16107	16112	16116	16124	16132	16135	16133	16139	16102	0	1	1	1	2	1	4	6	5	6	1	1	1	1	1	1	1	1	1	1	1	1
49000	-109.915110443720124	-111.521216909247926	1.606106465527797	0.212850948532967	0.212850948532967	1.000000000000000	0.925532053216690	0.000000000000000	16083	16089	16107	16112	16117	16124	16132	16135	16132	16139	16102	0	1	1	1	3	5	6	1	2	9	1	1	1	1	1	1	1	1	1	1	1	1
49500	-112.808618799729814	-114.725225296394981	1.916606496665174	0.208511553712062	0.208511553712062	1.000000000000000	0.958020108926176	0.000000000000000	16083	16087	16107	16112	16117	16124	16132	16135	16133	16139	16100	0	1	1	1	2	5	6	1	6	1	1	1	1	1	1	1	1	1	1	1	1	2
50000	-108.875130310382062	-111.142930721113302	2.267800410731241	0.164482760105219	0.164482760105219	1.000000000000000	0.996142494667031	0.000000000000000	16083	16089	16107	16112	16117	16124	16131	16135	16133	16138	16102	0	1	1	2	1	4	6	7	6	8	1	1	1	1	1	1	1	1	1	1	1	1
50500	-110.283884996615697	-112.439025354492088	2.155140357876385	0.029343559801342	0.029343559801342	1.000000000000000	0.983750719027189	0.000000000000000	16083	16089	16107	16112	16117	16124	16132	16135	16133	16139	16102	0	1	1	1	1	1	5	1	6	8	2	1	1	1	1	1	1	1	1	1	1	1
51000	-111.133357892962820	-113.075914847613561	1.942556954650739	0.176987962990499	0.176987962990499	1.000000000000000	0.960786435265566	0.000000000000000	16083	16089	16107	16112	16117	16123	16132	16135	16133	16139	16102	0	1	2	1	3	5	5	4	6	6	2	1	1	1	1	1	1	1	1	1	1	1
51500	-112.210654455051284	-112.904495983593691	0.693841528542401	0.237907546790569	0.237907546790569	1.000000000000000	0.836315550018732	0.000000000000000	16083	16089	16107	16112	16114	16124	16130	16135	16133	16139	16102	0	1	1	1	1	4	5	2	6	8	1	1	1	1	1	1	1	1	1	1	1	1
52000	-106.516224583345519	-108.426880368055507	1.910655784709995	0.175826918818778	0.175826918818778	1.000000000000000	0.957386884766112	0.000000000000000	16083	16087	16107	16112	16117	16124	16132	16135	16133	16139	16102	0	1	1	1	1	1	1	11	6	5	1	1	1	1	1	1	1	1	1	1	1	1
52500	-108.595245909928849	-110.343096854194727	1.747850944265872	0.139946715238308	0.139946715238308	1.000000000000000	0.940224006203327	0.000000000000000	16083	16089	16107	16112	16117	16124	16132	16135	16133	16139	16102	0	1	1	3	4	1	5	5	6	5	1	1	1	1	1	1	1	1	1	1	1	1
53000	-109.394103322637747	-111.137109464249789	1.743006141612043	0.152430906081164	0.152430906081164	1.000000000000000	0.939718009100836	0.000000000000000	16083	16086	16107	16112	16117	16124	16132	16135	16133	16139	16102	0	1	1	1	1	1	1	6	6	9	1	1	1	1	1	2	1	1	1	1	1	1
53500	-110.123370022466219	-111.872099714384149	1.748729691917936	0.197922948406430	0.197922948406430	1.000000000000000	0.940315812867178	0.000000000000000	16083	16089	16107	16112	16117	16124	16132	16134	16133	16139	16102	0	1	1	3	1	5	4	6	6	5	2	1	1	1	1	1	1	1	1	1	1	1
54000	-105.275728244555324	-107.478544204890852	2.202815960335532	0.115660481454757	0.115660481454757	1.000000000000000	0.988975758102328	0.000000000000000	16083	16089	16107	16112	16117	16124	16132	16135	16133	16139	16102	0	1	1	1	1	1	6	1	5	1	1	1	1	1	1	1	1	1	1	1	1	1
54500	-109.052303064165116	-110.689260020229398	1.636956956064277	0.062770928509417	0.062770928509417	1.000000000000000	0.928710065601486	0.000000000000000	16083	16089	16107	16112	16117	16124	16132	16135	16133	16139	16102	0	1	1	1	1	5	1	1	4	9	1	1	1	1	1	1	1	1	1	1	1	1
55000	-112.598564877606137	-113.874058802815441	1.275493925209301	0.123346865202991	0.123346865202991	1.000000000000000	0.892149784313600	0.000000000000000	16083	16089	16106	16111	16117	16124	16132	16135	16133	16139	16102	0	1	1	1	1	1	6	6	1	6	1	1	1	1	2	2	1	1	1	1	1	1
55500	-113.519657790027637	-115.199695575788240	1.680037785760602	0.090398502298206	0.090398502298206	1.000000000000000	0.933166233523799	0.000000000000000	16083	16089	16107	16111	16117	16124	16132	16135	16133	16139	16102	0	1	1	1	1	5	4	6	7	5	1	1	1	1	1	1	1	1	1	1	1	2
56000	-107.630157831919334	-109.719318706286671	2.089160874367332	0.060877441885801	0.060877441885801	1.000000000000000	0.976565160694720	0.000000000000000	16083	16089	16107	16112	16117	16124	16132	16135	16133	16139	16102	0	1	1	1	1	1	6	11	6	9	2	1	1	1	1	1	1	1	1	1	1	1
56500	-110.971844696504988	-113.238396381042818	2.266551684537833	0.215886196388086	0.215886196388086	1.000000000000000	0.996004292118710	0.000000000000000	16083	16089	16106	16110	16117	16124	16132	16135	16133	16139	16102	0	1	1	3	2	1	6	5	2	8	2	1	1	1	1	1	1	1	1	1	1	1
57000	-112.790405401139182	-115.029981678844464	2.239576277705276	0.302783885601225	0.302783885601225	1.000000000000000	0.993023470289577	0.000000000000000	16083	16089	16107	16112	16117	16124	16132	16135	16133	16139	16102	0	1	1	2	4	2	5	4	5	5	2	1	1	1	1	1	1	1	1	1	1	1
57500	-107.628878600655128	-109.907912645284014	2.279034044628894	0.121177542483868	0.121177542483868	1.000000000000000	0.997386637640874	0.000000000000000	16083	16089	16107	16112	16117	16124	16132	16135	16133	16139	16102	0	1	1	1	4	5	6	5	2	9	1	1	1	1	1	1	1	1	1	1	1	1
58000	-111.787550884726869	-113.625684417196936	1.838133532470062	0.215554687051365	0.215554687051365	1.000000000000000	0.949703233530885	0.000000000000000	16083	16089	16107	16111	16117	16124	16132	16135	16133	16139	16102	0	1	1	1	3	1	3	4	6	8	2	1	1	1	1	1	1	1	1	1	1	1
58500	-110.246722490113456	-112.441656650427888	2.194934160314429	0.193733123453054	0.193733123453054	1.000000000000000	0.988110036221246	0.000000000000000	16083	16089	16107	16112	16117	16124	16132	16135	16133	16139	16102	0	1	1	1	2	1	3	5	1	8	2	1	1	1	1	1	1	1	1	1	1	1
59000	-108.388228634014467	-110.390643953788015	2.002415319773548	0.142382736165092	0.142382736165092	1.000000000000000	0.967197855388282	0.000000000000000	16083	16089	16107	16112	16117	16124	16132	16135	16133	16139	16102	0	1	2	1	4	1	6	6	1	8	1	1	1	1	1	1	1	1	1	1	1	1
59500	-111.346855951699894	-113.384150192617113	2.037294240917216	0.297435009918750	0.297435009918750	1.000000000000000	0.970953441034099	0.000000000000000	16083	16089	16107	16112	16117	16124	16132	16135	16133	16139	16102	0	1	1	3	4	1	6	1	6	7	1	1	1	1	1	1	1	1	1	1	1	1
60000	-111.156978049167250	-113.165339925682858	2.008361876515608	0.154450737265666	0.154450737265666	1.000000000000000	0.967837121769999	0.000000000000000	16083	16089	16107	16112	16117	16124	16132	16135	16133	16139	16101	0	1	2	1	4	1	1	6	2	1	1	1	1	1	1	1	1	1	1	1	1	1
60500	-105.822899774243638	-107.285913104616455	1.463013330372818	0.117279775910716	0.117279775910716	1.000000000000000	0.910933162673303	0.000000000000000	16083	16089	16107	16112	16117	16124	16132	16135	16133	16137	16102	0	1	1	1	1	1	6	6	5	6	1	1	1	1	1	1	1	1	1	1	1	1
61000	-114.086565766175468	-115.992479109715433	1.905913343539964	0.334248615366970	0.334248615366970	1.000000000000000	0.956882534216498	0.000000000000000	16083	16089	16107	16112	16117	16124	16132	16135	16133	16139	16102	0	1	1	2	2	5	4	6	4	4	1	1	1	1	1	1	1	1	1	1	1	1
61500	-111.361383420891613	-113.178090032675740	1.816706611784121	0.097959885963214	0.097959885963214	1.000000000000000	0.947444898899634	0.000000000000000	16083	16089	16107	16112	16117	16123	16132	16135	16133	16139	16102	0	1	1	1	1	2	1	6	6	6	1	1	1	1	2	1	1	1	1	1	1	1
62000	-105.042459456454267	-107.046140706141202	2.003681249686933	0.175113869376686	0.175113869376686	1.000000000000000	0.967333909923063	0.000000000000000	16083	16089	16107	16112	16117	16124	16132	16135	16133	16139	16102	0	1	1	1	1	5	5	6	5	8	1	1	1	1	1	1	1	1	1	1	1	1
62500	-107.020046220112249	-108.946171259823842	1.926125039711599	0.179577070722923	0.179577070722923	1.000000000000000	0.959033862206490	0.000000000000000	16083	16089	16107	16112	16117	16124	16132	16135	16133	16139	16102	0	1	1	1	1	4	5	6	6	5	1	1	1	1	1	1	1	1	1	1	1	1
63000	-112.846541512656657	-115.093711172473661	2.247169659817001	0.093886622934264	0.093886622934264	1.000000000000000	0.993861646790194	0.000000000000000	16083	16088	16107	16112	16117	16124	16132	16135	16133	16139	16102	0	1	2	2	2	5	1	5	7	8	1	1	1	1	1	1	1	1	1	1	1	1
63500	-111.484221773321835	-113.629789022943541	2.145567249621711	0.227283071102435	0.227283071102435	1.000000000000000	0.982704880662804	0.000000000000000	16083	16089	16107	16112	16117	16124	16131	16135	16133	16139	16101	0	1	2	1	1	4	4	4	6	11	1	1	1	1	1	1	1	1	1	1	1	1
64000	-108.420395467211037	-110.685330605980937	2.264935138769902	0.127947371970434	0.127947371970434	1.000000000000000	0.995825409681697	0.000000000000000	16083	16089	16107	16112	16117	16124	16131	16135	16133	16139	16102	0	1	1	3	1	5	6	1	4	1	1	1	1	1	1	1	1	1	1	1	1	1
64500	-105.941833589965015	-107.965592049334361	2.023758459369351	0.102050113395144	0.102050113395144	1.000000000000000	0.969494248196567	0.000000000000000	16083	16089	16107	16112	16117	16124	16131	16135	16133	16139	16102	0	1	1	1	4	5	5	6	5	9	1	1	1	1	1	1	1	1	1	1	1	1
65000	-112.235314463893857	-113.937215851606538	1.701901387712677	0.287772090441731	0.287772090441731	1.000000000000000	0.935435919834697	0.000000000000000	16083	16089	16107	16111	16117	16124	16132	16135	16133	16139	16101	0	1	1	1	2	5	1	3	6	6	2	1	1	1	1	1	1	1	1	1	1	1
65500	-107.578131094901821	-109.606117546792746	2.027986451890920	0.093372703379011	0.093372703379011	1.000000000000000	0.969949801240246	0.000000000000000	16083	16089	16107	16112	16117	16124	16132	16135	16133	16139	16102	0	1	1	1	3	1	6	1	1	5	1	1	1	1	1	1	1	1	1	1	1	1
66000	-108.924724459725596	-110.878548199490282	1.953823739764693	0.201629286107850	0.201629286107850	1.000000000000000	0.961989963358693	0.000000000000000	16083	16088	16106	16112	16117	16124	16132	16135	16133	16139	16102	0	1	2	1	1	3	6	1	6	8	1	1	1	1	1	1	1	1	1	1	1	1
66500	-110.902645788114199	-113.115780768253146	2.213134980138950	0.172950912065836	0.172950912065836	1.000000000000000	0.990110326227862	0.000000000000000	16083	16087	16107	16112	16117	16124	16132	16135	16133	16139	16102	0	1	2	3	1	5	1	4	6	8	2	1	1	1	1	1	1	1	1	1	1	1
67000	-109.603831450796136	-111.841050547681192	2.237219096885060	0.205590810342000	0.205590810342000	1.000000000000000	0.992763422581235	0.000000000000000	16083	16089	16107	16112	16117	16124	16132	16135	16133	16139	16102	0	1	2	1	1	1	1	5	3	1	1	1	1	1	1	1	1	1	1	1	1	1
67500	-110.671463121199295	-112.937707734033069	2.266244612833768	0.107303706121852	0.107303706121852	1.000000000000000	0.995970309950074	0.000000000000000	16083	16089	16107	16112	16117	16122	16128	16135	16133	16139	16101	0	1	1	3	1	2	5	11	1	9	2	1	1	1	1	1	1	1	1	1	1	1
68000	-108.045106647700436	-110.258063680079516	2.212957032379076	0.205778240375772	0.205778240375772	1.000000000000000	0.990090749986440	0.000000000000000	16083	16088	16107	16112	16117	16124	16132	16135	16133	16139	16102	0	1	1	1	1	5	5	3	7	8	1	1	1	1	1	1	1	1	1	1	1	1
68500	-107.980943912708938	-109.607030301818554	1.626086389109624	0.094795363076998	0.094795363076998	1.000000000000000	0.927589008883496	0.000000000000000	16083	16089	16107	16112	16117	16124	16132	16135	16133	16139	16102	0	1	1	1	1	1	1	5	7	9	1	1	1	1	1	1	1	1	1	1	1	1
69000	-109.913859073544273	-111.370583906358036	1.456724832813767	0.119056236644788	0.119056236644788	1.000000000000000	0.910296895989280	0.000000000000000	16083	16089	16107	16111	16117	16124	16132	16135	16133	16139	16102	0	1	1	2	1	5	1	4	5	9	1	1	1	1	1	1	1	1	1	1	1	1
69500	-107.333478412745748	-109.493601656539639	2.160123243793887	0.150590279057998	0.150590279057998	1.000000000000000	0.984295527342496	0.000000000000000	16083	16089	16107	16112	16117	16124	16131	16135	16133	16139	16102	0	1	1	1	4	4	5	6	6	8	1	1	1	1	1	1	1	1	1	1	1	1
70000	-106.426916576573944	-108.702992122883160	2.276075546309222	0.149728677340577	0.149728677340577	1.000000000000000	0.997058828557136	0.000000000000000	16083	16089	16107	16112	16117	16124	16132	16135	16133	16139	16102	0	1	1	1	1	3	6	1	5	6	1	1	1	1	1	1	1	1	1	1	1	1
70500	-108.034868568778151	-109.709818970012179	1.674950401234022	0.146509359845770	0.146509359845770	1.000000000000000	0.932638896418524	0.000000000000000	16083	16089	16107	16112	16117	16124	16132	16135	16133	16139	16102	0	1	1	1	1	4	1	6	1	6	1	1	1	1	1	1	1	1	1	1	1	1
71000	-110.949572737773138	-113.244962827675920	2.295390089902774	0.303614004273824	0.303614004273824	1.000000000000000	0.999200874682928	0.000000000000000	16083	16089	16107	16112	16117	16124	16131	16134	16133	16139	16102	0	1	2	1	4	3	1	5	6	9	1	1	1	1	1	1	1	1	1	1	1	1
71500	-114.029724250003412	-116.309594041319457	2.279869791316048	0.377281686879718	0.377281686879718	1.000000000000000	0.997479260005545	0.000000000000000	16083	16089	16107	16112	16117	16124	16132	16135	16133	16139	16102	0	1	2	3	3	5	4	6	6	4	2	1	1	1	1	1	1	1	1	1	1	1
72000	-117.947392019634890	-118.656307813018316	0.708915793383426	0.127146781688200	0.127146781688200	1.000000000000000	0.837717483985834	0.000000000000000	16083	16089	16107	16112	16117	16121	16132	16133	16133	16139	16102	0	1	1	1	1	5	5	1	6	1	2	1	1	1	2	1	1	2	2	1	1	1
72500	-111.257370870418882	-113.468186438544166	2.210815568125290	0.137721954933714	0.137721954933714	1.000000000000000	0.989855195350531	0.000000000000000	16083	16089	16107	16112	16117	16124	16132	16135	16133	16139	16102	0	1	1	2	4	2	5	7	5	6	1	1	1	1	1	1	1	1	1	1	1	1
73000	-108.087227233568797	-110.292885508451363	2.205658274882559	0.162895928577917	0.162895928577917	1.000000000000000	0.989288138558139	0.000000000000000	16083	16089	16107	16112	16117	16124	16131	16134	16133	16139	16102	0	1	1	1	1	5	4	2	6	9	1	1	1	1	1	1	1	1	1	1	1	1
73500	-113.739768530746318	-115.320598142107045	1.580829611360729	0.315250335511129	0.315250335511129	1.000000000000000	0.922936306857935	0.000000000000000	16083	16089	16107	16112	16116	16124	16132	16135	16133	16139	16100	0	1	2	3	3	5	5	5	6	4	2	1	1	1	1	1	1	1	1	1	1	1
74000	-106.921824491309422	-108.929332908022005	2.007508416712587	0.129588150210964	0.129588150210964	1.000000000000000	0.967745347223806	0.000000000000000	16083	16089	16107	16112	16117	16124	16132	16135	16133	16139	16102	0	1	1	1	1	1	6	5	4	5	1	1	1	1	1	1	1	1	1	1	1	1
74500	-113.001871334156633	-114.993226616195287	1.991355282038657	0.178170340761220	0.178170340761220	1.000000000000000	0.966010002656695	0.000000000000000	16083	16089	16107	16112	16117	16124	16132	16135	16133	16139	16102	0	1	1	3	3	3	2	6	2	8	1	1	1	1	1	1	1	1	1	1	1	1
75000	-108.430782248090367	-110.526850557975749	2.096068309885385	0.045460246152776	0.045460246152776	1.000000000000000	0.977314955152928	0.000000000000000	16083	16089	16107	16112	16117	16124	16132	16135	16133	16139	16102	0	1	1	1	1	1	6	6	4	8	1	1	1	1	1	1	1	1	1	1	1	1
75500	-105.981176619655685	-108.262928637685533	2.281752018029844	0.159770154003589	0.159770154003589	1.000000000000000	0.997687890944229	0.000000000000000	16083	16089	16106	16112	16117	16124	16132	16135	16133	16139	16099	0	1	1	1	3	1	5	5	6	9	1	1	1	1	1	1	1	1	1	1	1	1
76000	-109.669157944728070	-111.947770827024428	2.278612882296353	0.141838402993912	0.141838402993912	1.000000000000000	0.997339965212614	0.000000000000000	16083	16089	16107	16112	16117	16124	16132	16135	16133	16139	16102	0	1	1	1	3	3	6	11	2	9	1	1	1	1	1	1	1	1	1	1	1	1
76500	-113.978049495904742	-115.317684053922733	1.339634558017996	0.173359883051062	0.173359883051062	1.000000000000000	0.898530611403203	0.000000000000000	16083	16089	16107	16112	16117	16124	16131	16135	16133	16139	16102	0	1	1	1	2	5	2	1	6	5	1	1	1	1	1	1	1	1	1	1	1	2
77000	-112.018751465130563	-113.674414464330511	1.655662999199948	0.171139483634784	0.171139483634784	1.000000000000000	0.930642349710607	0.000000000000000	16083	16089	16107	16112	16117	16124	16132	16135	16133	16139	16102	0	1	1	1	1	5	2	7	7	9	2	1	1	1	1	1	1	1	1	1	1	1
77500	-106.046466905162063	-108.035403154494375	1.988936249332311	0.151400604553039	0.151400604553039	1.000000000000000	0.965750392015172	0.000000000000000	16083	16089	16106	16112	16117	16124	16132	16135	16133	16139	16102	0	1	1	1	4	5	6	6	5	6	1	1	1	1	1	1	1	1	1	1	1	1
78000	-110.173683357170447	-112.258887028228045	2.085203671057596	0.169735225584156	0.169735225584156	1.000000000000000	0.976135869869355	0.000000000000000	16083	16087	16107	16112	16117	16124	16132	16135	16133	16139	16102	0	1	1	2	1	5	3	4	1	8	1	1	1	1	1	1	1	1	1	1	1	1
78500	-106.514480944903866	-108.702583562899619	2.188102617995752	0.094267519545004	0.094267519545004	1.000000000000000	0.987360285751475	0.000000000000000	16083	16089	16107	16111	16117	16124	16132	16135	16133	16139	16102	0	1	2	1	1	5	6	6	1	5	1	1	1	1	1	1	1	1	1	1	1	1
79000	-107.660078063955353	-109.627308824650811	1.967230760695461	0.212381224887341	0.212381224887341	1.000000000000000	0.963424077890789	0.000000000000000	16083	16089	16107	16112	16117	16124	16132	16135	16133	16139	16102	0	1	1	1	1	5	3	11	6	9	1	1	1	1	1	1	1	1	1	1	1	1
79500	-106.581844361277149	-108.743775996771717	2.161931635494563	0.086833964467656	0.086833964467656	1.000000000000000	0.984493324087348	0.000000000000000	16083	16089	16107	16112	16117	16124	16129	16135	16133	16139	16102	0	1	1	1	1	5	6	1	5	9	2	1	1	1	1	1	1	1	1	1	1	1
80000	-112.846203834483276	-114.985953944951987	2.139750110468712	0.187173170148654	0.187173170148654	1.000000000000000	0.982069915774066	0.000000000000000	16083	16089	16107	16112	16117	16124	16132	16135	16133	16139	16102	0	1	2	1	4	1	5	6	1	5	1	1	1	1	1	1	1	1	1	2	1	1
80500	-106.367338688488942	-108.625468586658755	2.258129898169813	0.096019559116919	0.096019559116919	1.000000000000000	0.995072713010050	0.000000000000000	16083	16088	16107	16112	16117	16124	16132	16135	16133	16139	16102	0	1	1	1	1	1	6	4	5	9	1	1	1	1	1	1	1	1	1	1	1	1
81000	-109.056781050541474	-110.487237794856114	1.430456744314636	0.189991470078002	0.189991470078002	1.000000000000000	0.907643907322188	0.000000000000000	16083	16089	16107	16112	16117	16123	16132	16135	16133	16139	16101	0	1	1	1	4	5	6	5	5	8	2	1	1	1	1	1	1	1	1	1	1	1
81500	-108.432366004953309	-110.508130345451406	2.075764340498091	0.238540241064770	0.238540241064770	1.000000000000000	0.975112621101486	0.000000000000000	16083	16089	16107	16110	16117	16124	16132	16135	16133	16138	16102	0	1	1	1	1	3	6	11	1	8	1	1	1	1	1	1	1	1	1	1	1	1
82000	-107.451488591573337	-109.573103020482790	2.121614428909455	0.161634911648593	0.161634911648593	1.000000000000000	0.980092963046485	0.000000000000000	16083	16089	16107	16112	16117	16124	16132	16135	16133	16138	16102	0	1	1	1	1	1	5	11	1	5	2	1	1	1	1	1	1	1	1	1	1	1
82500	-106.218959095564117	-108.338043428433522	2.119084332869412	0.177437389344664	0.177437389344664	1.000000000000000	0.979817476290443	0.000000000000000	16083	16089	16107	16112	16117	16124	16132	16135	16133	16139	16102	0	1	1	1	3	5	6	5	6	5	1	1	1	1	1	1	1	1	1	1	1	1
83000	-104.078031096496574	-106.175947282661184	2.097916186164607	0.138283901219022	0.138283901219022	1.000000000000000	0.977515637656797	0.000000000000000	16083	16089	16107	16112	16117	16124	16132	16135	16132	16139	16102	0	1	1	1	1	5	6	6	6	9	1	1	1	1	1	1	1	1	1	1	1	1
83500	-108.008834577017069	-110.086420860442786	2.077586283425721	0.223577411461547	0.223577411461547	1.000000000000000	0.975310041032766	0.000000000000000	16083	16089	16107	16112	16117	16124	16132	16135	16133	16139	16102	0	1	1	1	1	1	6	11	5	6	2	1	1	1	1	1	1	1	1	1	1	1
84000	-112.437940708376999	-114.410209718148678	1.972269009771675	0.093154939770121	0.093154939770121	1.000000000000000	0.963963558931185	0.000000000000000	16083	16089	16107	16112	16116	16124	16132	16135	16133	16139	16102	0	1	2	2	1	5	5	1	1	1	2	1	1	1	1	1	1	1	1	1	1	1
84500	-108.626089036812530	-109.545262251148543	0.919173214336012	0.078631566392933	0.078631566392933	1.000000000000000	0.857518581351702	0.000000000000000	16083	16089	16107	16111	16116	16124	16132	16133	16133	16139	16102	0	1	1	1	4	5	6	6	5	9	1	1	1	1	1	1	1	1	1	1	1	1
85000	-111.245473031467824	-113.453446036756603	2.207973005288781	0.206584076847570	0.206584076847570	1.000000000000000	0.989542608540018	0.000000000000000	16083	16089	16107	16112	16117	16124	16132	16135	16133	16139	16102	0	1	1	2	1	4	2	4	5	9	1	1	1	1	1	1	1	1	1	1	1	1
85500	-108.176582789272715	-109.702721717608270	1.526138928335549	0.029712516801468	0.029712516801468	1.000000000000000	0.917344866601043	0.000000000000000	16083	16089	16107	16112	16117	16124	16129	16135	16133	16139	16102	0	1	1	1	1	1	1	5	6	9	1	1	1	1	1	1	1	1	1	1	1	1
86000	-107.707186311616240	-109.661487050725356	1.954300739109109	0.051439044947397	0.051439044947397	1.000000000000000	0.962040950107812	0.000000000000000	16083	16089	16107	16112	16117	16124	16132	16135	16133	16139	16102	0	1	1	1	4	5	6	6	5	5	1	1	1	1	1	1	1	1	1	1	1	1
86500	-109.238648678125685	-110.519406759466435	1.280758081340757	0.141649647973114	0.141649647973114	1.000000000000000	0.892671760925437	0.000000000000000	16083	16089	16107	16112	16117	16124	16132	16135	16133	16139	16102	0	1	1	3	1	5	6	5	7	6	1	1	1	1	1	1	1	1	1	1	1	1
87000	-110.818567779335808	-113.032053666660175	2.213485887324367	0.174079477847666	0.174079477847666	1.000000000000000	0.990148931072434	0.000000000000000	16083	16089	16107	16112	16117	16124	16132	16135	16133	16139	16100	0	1	1	1	2	5	3	6	5	7	2	1	1	1	1	1	1	1	1	1	1	1
87500	-113.625564598335387	-115.513212743345647	1.887648145010254	0.174998079168206	0.174998079168206	1.000000000000000	0.954942542405769	0.000000000000000	16083	16089	16107	16112	16115	16124	16132	16135	16133	16139	16102	0	1	1	3	3	5	1	3	5	2	2	1	1	1	1	1	1	1	1	1	1	1
88000	-109.467663313069664	-110.316096780763459	0.848433467693802	0.140320889334385	0.140320889334385	1.000000000000000	0.850804928566731	0.000000000000000	16083	16089	16107	16112	16117	16124	16132	16135	16133	16139	16102	0	1	1	1	1	1	5	6	5	3	1	1	1	1	1	1	1	1	1	1	1	1
88500	-112.192913560950103	-112.731222182470162	0.538308621520057	0.099608281050052	0.099608281050052	1.000000000000000	0.821986983628905	0.000000000000000	16083	16089	16107	16112	16117	16123	16132	16135	16133	16139	16102	0	1	1	1	2	3	5	11	5	5	1	1	1	1	1	1	1	1	1	1	1	1
89000	-109.985795083228496	-111.345146681373876	1.359351598145380	0.172626360359979	0.172626360359979	1.000000000000000	0.900501254141879	0.000000000000000	16083	16089	16107	16112	16117	16124	16132	16135	16133	16139	16102	0	1	1	3	1	2	1	6	5	9	1	1	1	1	1	1	1	1	1	1	1	1
89500	-110.373159642662529	-111.699118530196131	1.325958887533607	0.240305375753756	0.240305375753756	1.000000000000000	0.897166313919013	0.000000000000000	16083	16089	16107	16112	16117	16124	16132	16135	16133	16139	16102	0	1	1	1	4	3	5	6	5	6	1	1	1	1	1	1	1	1	1	1	1	1
90000	-109.401535696371838	-111.592106930752337	2.190571234380498	0.221655353993400	0.221655353993400	1.000000000000000	0.987631146650319	0.000000000000000	16083	16088	16107	16110	16117	16124	16132	16135	16133	16138	16102	0	1	2	2	1	5	5	5	6	9	2	1	1	1	1	1	1	1	1	1	1	1
90500	-111.150720979078045	-112.930978448224593	1.780257469146552	0.272245663764268	0.272245663764268	1.000000000000000	0.943615596703536	0.000000000000000	16083	16089	16107	16112	16117	16124	16132	16135	16133	16139	16100	0	1	1	2	2	5	1	1	6	5	1	1	1	1	1	1	1	1	1	1	1	1
91000	-108.133289316091094	-110.029873582801216	1.896584266710127	0.182932743210255	0.182932743210255	1.000000000000000	0.955891178031948	0.000000000000000	16083	16089	16107	16112	16117	16124	16132	16133	16133	16139	16102	0	1	1	3	1	5	1	1	6	1	1	1	1	1	1	1	1	1	1	1	1	1
91500	-105.911857332790532	-108.172571087480918	2.260713754690392	0.100125375737334	0.100125375737334	1.000000000000000	0.995358434591393	0.000000000000000	16083	16089	16107	16112	16117	16124	16132	16135	16133	16139	16102	0	1	1	1	1	5	5	11	7	9	1	1	1	1	1	1	1	1	1	1	1	1
92000	-108.728464957402679	-110.853463323367208	2.124998365964524	0.116028501714488	0.116028501714488	1.000000000000000	0.980461540432854	0.000000000000000	16083	16089	16107	16112	16117	16124	16132	16135	16133	16139	16102	0	1	2	1	2	5	1	1	6	9	1	1	1	1	1	1	1	1	1	1	1	1
92500	-108.894291825117719	-110.579907872702506	1.685616047584788	0.080740513453437	0.080740513453437	1.000000000000000	0.933744795645453	0.000000000000000	16083	16089	16107	16112	16117	16122	16132	16135	16133	16139	16102	0	1	1	1	1	5	6	6	1	1	1	1	1	1	1	1	1	1	1	2	1	1
93000	-115.506525769629363	-117.736001511273884	2.229475741644517	0.129678196488240	0.129678196488240	1.000000000000000	0.991909643268057	0.000000000000000	16083	16089	16107	16112	16117	16124	16132	16135	16133	16139	16102	0	1	1	3	3	1	6	3	1	1	1	1	1	1	1	1	1	1	1	1	2	1
93500	-113.177304223262738	-113.166165842586764	-0.011138380675970	0.148054783608029	0.148054783608029	1.000000000000000	0.773306048315222	0.000000000000000	16083	16089	16107	16112	16117	16124	16132	16135	16133	16139	16102	0	1	1	1	2	5	5	6	5	5	1	1	1	2	1	1	1	1	1	1	1	1
94000	-109.342799574440519	-110.457805463337650	1.115005888897131	0.175968550327804	0.175968550327804	1.000000000000000	0.876381969448406	0.000000000000000	16083	16089	16107	16112	16117	16124	16132	16135	16133	16139	16102	0	1	1	1	1	5	5	5	3	1	1	1	1	1	1	1	1	1	1	1	1	1
94500	-108.569892759417925	-110.729700782409111	2.159808022991182	0.177846850636219	0.177846850636219	1.000000000000000	0.984261053454412	0.000000000000000	16083	16089	16107	16112	16114	16124	16132	16135	16133	16139	16102	0	1	2	1	1	1	5	6	1	8	2	1	1	1	1	1	1	1	1	1	1	1
95000	-107.357798558562465	-109.646454875231612	2.288656316669143	0.142856377576693	0.142856377576693	1.000000000000000	0.998453555166136	0.000000000000000	16083	16089	16107	16112	16117	16124	16132	16135	16133	16139	16102	0	1	1	3	1	5	4	6	5	6	1	1	1	1	1	1	1	1	1	1	1	1
95500	-105.520874293673188	-107.137629622507092	1.616755328833906	0.137464706195107	0.137464706195107	1.000000000000000	0.926627797370520	0.000000000000000	16083	16089	16107	16112	16117	16124	16132	16135	16133	16139	16102	0	1	1	1	1	5	5	11	5	9	1	1	1	1	1	1	1	1	1	1	1	1
96000	-113.145465221741460	-114.484351997146575	1.338886775405118	0.293074262641299	0.293074262641299	1.000000000000000	0.898455958330334	0.000000000000000	16083	16089	16107	16112	16117	16124	16132	16135	16133	16139	16102	0	1	1	1	3	1	6	4	1	9	2	1	1	1	1	1	1	1	1	1	1	1
96500	-109.942193056025758	-112.017770563319942	2.075577507294179	0.093479961955602	0.093479961955602	1.000000000000000	0.975092378709909	0.000000000000000	16083	16089	16107	16112	16115	16124	16130	16135	16133	16139	16102	0	1	1	1	1	5	6	6	1	1	1	1	1	1	1	1	1	1	1	1	1	2
97000	-110.333443266408338	-111.445538601370430	1.112095334962092	0.122021161793221	0.122021161793221	1.000000000000000	0.876098597828034	0.000000000000000	16083	16089	16107	16112	16117	16124	16132	16135	16133	16139	16102	0	1	1	3	1	1	6	11	5	9	2	1	1	1	1	1	1	1	1	1	1	1
97500	-106.041768418822869	-108.035145815341821	1.993377396518953	0.150433650122625	0.150433650122625	1.000000000000000	0.966227069575955	0.000000000000000	16083	16089	16107	16112	16117	16124	16132	16135	16133	16139	16102	0	1	1	3	1	5	5	6	5	8	1	1	1	1	1	1	1	1	1	1	1	1
98000	-107.912039694002971	-109.918054600516655	2.006014906513682	0.026305029935197	0.026305029935197	1.000000000000000	0.967584767487254	0.000000000000000	16083	16089	16107	16111	16117	16124	16132	16135	16133	16139	16102	0	1	1	1	1	5	1	11	1	6	1	1	1	1	1	1	1	1	1	1	1	1
98500	-113.128085477993366	-114.378313573973202	1.250228095979841	0.147404768205139	0.147404768205139	1.000000000000000	0.889648751648882	0.000000000000000	16083	16089	16107	16112	16117	16124	16132	16135	16133	16139	16102	0	1	2	2	4	1	6	5	6	5	2	1	1	1	1	1	1	1	1	1	1	1
99000	-109.006131548813030	-110.557258757981629	1.551127209168594	0.120896474793993	0.120896474793993	1.000000000000000	0.919895391380595	0.000000000000000	16083	16089	16107	16112	16117	16124	16132	16135	16133	16139	16102	0	1	1	2	1	5	5	7	5	9	1	1	1	1	1	1	1	1	1	1	1	1
99500	-110.267403180625593	-112.062866498312417	1.795463317686817	0.152782894977072	0.152782894977072	1.000000000000000	0.945211219350845	0.000000000000000	16083	16089	16107	16112	16117	16124	16132	16135	16133	16139	16102	0	1	1	2	1	3	5	5	5	8	2	1	1	1	1	1	1	1	1	1	1	1
100000	-110.886326252584581	-113.122326106186051	2.235999853601465	0.309625973741152	0.309625973741152	1.000000000000000	0.992628940564548	0.000000000000000	16083	16089	16107	16112	16117	16124	16132	16135	16132	16139	16100	0	1	1	3	4	3	5	11	5	9	1	1	1	1	1	1	1	1	1	1	1	1